FISH-QUANT	v3a
File-version	3D_v1
RESULTS OF SPOT DETECTION PERFORMED ON 24-Sep-2021 
COMMENT	
IMG_Raw	Poiss_300spots_bg_200_2_I_300_0_img0.tif
IMG_Filtered	
IMG_DAPI	
IMG_TS_label	
FILE_settings	Poiss_300spots_bg_200_2_I_300_0_img0__settings_MATURE.txt
PARAMETERS
Pix-XY	Pix-Z	RI	Ex	Em	NA	Type
100	200	1.33	547	583	1.4	widefield
CELL_START	EntireImage
X_POS	1	1	256	256	
Y_POS	1	256	256	1	
Z_POS	
CELL_END
SPOTS_START
Pos_Y	Pos_X	Pos_Z	AMP	BGD	RES	SigmaX	SigmaY	SigmaZ	Cent_Y	Cent_X	Cent_Z	MuY	MuX	MuZ	ITERY_det	Y_det	X_det	Z_det	Y_min	Y_max	X_min	X_max	Z_min	Z_max	INT_raw	INT_filt	SC_det	SC_det_norm	TH_det	TH_fit	IN_nuc
334.189	15935.9	1710.02	25.8503	200.215	1462.21	99.1795	99.1795	425.38	200.853	200.721	599.038	234.189	235.922	510.018	7	4	160	10	2	6	158	162	7	13	228	9.90541	2.50272	0.567766	1	1	-1
318.774	21756.5	4276.19	28.3932	199.939	1373.76	93.5107	93.5107	375.765	200.367	199.161	598.042	218.774	156.487	476.194	8	4	219	23	2	6	217	221	20	26	228	10.05	2.55827	0.580368	1	1	-1
514.486	7564.95	2061.27	29.9733	199.807	1105.09	94.7709	94.7709	423.568	200.305	199.239	601.303	214.486	164.953	661.271	6	6	77	11	4	8	75	79	8	14	227	11.1143	2.8438	0.645145	1	1	-1
460.806	15846.7	3239.96	27.2543	199.609	1415.59	100.62	100.62	425.709	199.169	200.921	600.403	160.806	246.684	639.961	7	6	159	17	4	8	157	161	14	20	222	8.74833	2.61342	0.59288	1	1	-1
703.007	16931.5	4752.95	29.5207	200.254	1164.32	96.2276	96.2276	405.522	200.042	200.829	599.347	203.007	231.49	552.954	6	8	170	25	6	10	168	172	22	28	232	10.8136	2.73977	0.621545	1	1	-1
878.105	1580.69	4978.33	25.5711	199.264	1097.94	104.945	104.945	438.721	199.697	199.689	602.472	178.105	180.69	778.326	7	10	17	25	8	12	15	19	22	28	221	9.07386	2.49672	0.566406	1	1	-1
931.519	6010.73	4533.61	29.4757	200.609	1496.76	89.8641	89.8641	376.812	200.621	200.291	598.361	231.519	210.734	533.609	7	10	61	24	8	12	59	63	21	27	226	11.4383	2.5912	0.587838	1	1	-1
932.954	10909.1	4404.23	30.599	199.846	1530.18	95.8561	95.8561	350.713	200.812	200.157	600.375	232.954	209.076	604.231	6	10	110	23	8	12	108	112	20	26	229	11.4477	2.65708	0.602785	1	1	-1
1032.9	13534.9	4000.18	30.1481	199.715	1385.74	97.2169	97.2169	400.492	200.8	200.66	599.978	232.897	234.871	600.179	6	11	136	21	9	13	134	138	18	24	230	10.754	2.76425	0.627098	1	1	-1
1146.03	691.19	3360.59	25.5802	199.85	1296.46	104.79	104.79	371.77	200.994	199.737	599.149	246.027	191.19	560.592	7	12	8	18	10	14	6	10	15	21	228	9.6401	2.34691	0.532419	1	1	-1
1272.09	20377.6	3307.96	24.305	199.104	1358.75	118.481	118.481	418.959	199.461	199.561	598.541	172.092	177.613	507.96	7	14	205	18	12	16	203	207	15	21	222	8.89147	2.41352	0.547531	1	1	-1
1454.64	7289.01	2484.84	27.589	199.634	1540.83	102.384	102.384	420.372	201.161	199.975	601.309	254.636	189.012	684.843	8	15	74	13	13	17	72	76	10	16	227	9.71477	2.69287	0.610904	1	1	-1
1516.96	10517.9	2145.33	29.2795	200.363	1432.54	97.1006	97.1006	349.047	200.252	200.364	602.601	216.955	217.863	745.327	8	16	106	11	14	18	104	108	8	14	225	11.8085	2.57024	0.583084	1	1	-1
1648.22	8253.61	2958.3	35.6316	200.605	1418.54	88.8614	88.8614	305.66	200.822	199.08	598.971	248.223	153.608	558.297	8	17	84	16	15	19	82	86	13	19	232	10.5102	2.76915	0.628209	1	1	-1
1581.41	14439.7	2989.9	25.9771	200.364	1332.79	97.7507	97.7507	378.865	199.756	200.7	602.744	181.41	239.684	789.9	9	17	145	15	15	19	143	147	12	18	224	9.26554	2.30535	0.522991	1	1	-1
1720.34	15046.2	2794.56	31.0047	200.295	1304.09	91.4206	91.4206	392.981	200.254	200.948	599.558	220.339	246.163	594.561	7	18	151	15	16	20	149	153	12	18	226	10.4279	2.86851	0.650749	1	1	-1
1839.03	2926.45	2420.54	31.5717	199.631	1415.76	98.5499	98.5499	382.971	200.816	200.674	600.101	239.032	226.449	620.542	6	19	30	13	17	21	28	32	10	16	229	11.9249	2.93951	0.666856	1	1	-1
1800.91	4522.69	2616.93	28.786	200.179	1208.57	101.124	101.124	375.746	200.036	200.458	600.542	200.91	222.695	616.933	6	19	46	14	17	21	44	48	11	17	231	11.0936	2.62729	0.596026	1	1	-1
1846.23	7016.23	4562.03	26.8397	199.57	1474.38	101.746	101.746	442.566	200.948	200.246	599.172	246.231	216.227	562.033	7	19	71	24	17	21	69	73	21	27	225	9.7837	2.7421	0.622073	1	1	-1
1774.57	12633.4	4217.69	26.8907	200.254	1175.33	101.715	101.715	362.586	199.48	200.744	600	174.566	233.359	617.689	7	19	127	22	17	21	125	129	19	25	227	10.0042	2.40254	0.54504	1	1	-1
1930.02	3938	1483.2	25.4542	200.233	1403.59	103.48	103.48	384.837	200.453	200.609	601.582	230.024	237.998	683.202	7	20	40	8	18	22	38	42	5	11	226	8.70463	2.32996	0.528574	1	1	-1
1856.67	5813.13	1878.4	25.0876	198.813	1399.49	117.177	117.177	424.427	198.965	200.19	601.449	156.667	213.134	678.398	7	20	59	10	18	22	57	61	7	13	227	9.65211	2.5082	0.56901	1	1	-1
2227.43	16185.7	2175.93	28.084	200.824	1402.59	92.3679	92.3679	417.662	200.497	199.523	599.587	227.434	185.742	575.934	8	23	163	12	21	25	161	165	9	15	232	10.6295	2.56445	0.581771	1	1	-1
2344.79	7244.55	3694.3	27.7914	200.808	1170.62	92.3582	92.3582	380.817	200.908	200.824	599.195	244.791	244.554	494.302	9	24	73	20	22	26	71	75	17	23	223	9.03571	2.60756	0.591552	1	1	-1
2379.64	768.258	3199.61	23.337	200.166	1249.54	103.358	103.358	380.849	199.821	199.532	599.58	179.643	168.258	599.607	6	25	9	17	23	27	7	11	14	20	224	8.22319	2.109	0.478448	1	1	-1
2522.91	12176.8	4788.35	29.3573	200.183	1167.15	91.066	91.066	416.377	200.448	199.62	599.944	222.912	176.771	588.346	6	26	123	25	24	28	121	125	22	28	228	10.7961	2.77102	0.628633	1	1	-1
2595.87	3581.96	2285.46	25.3302	199.591	1457.56	109.176	109.176	393.359	199.947	199.729	601.371	195.874	181.957	685.462	6	27	37	12	25	29	35	39	9	15	223	10.1544	2.42255	0.549579	1	1	-1
2613.95	16890.1	3566.33	27.7224	199.785	1165.17	100.645	100.645	399.217	200.302	199.821	599.413	213.954	190.075	566.327	6	27	170	19	25	29	168	172	16	22	228	10.9524	2.64012	0.598937	1	1	-1
2785.5	4064.23	3369.13	26.6339	200.117	1651.37	98.5763	98.5763	429.774	199.72	201.289	599.843	185.505	264.233	569.129	7	29	41	18	27	31	39	43	15	21	229	9.59849	2.61346	0.59289	1	1	-1
2797.44	9836.58	4849.42	32.7152	200.395	1637.37	90.5417	90.5417	351.253	199.93	200.705	600.738	197.44	236.577	649.418	6	29	99	25	27	31	97	101	22	28	232	12.4942	2.75763	0.625596	1	1	-1
2748.23	10119.4	2316.45	27.1524	200.273	1203.3	93.8943	93.8943	429.387	199.122	200.336	598.887	148.229	219.424	516.445	7	29	102	13	27	31	100	104	10	16	223	9.15535	2.57337	0.583794	1	1	-1
2752.93	17867.4	4047.56	30.999	200.104	1526.99	97.2349	97.2349	355.123	199.002	199.505	601.42	152.932	167.392	647.561	7	29	180	21	27	31	178	182	18	24	229	9.51078	2.75557	0.625129	1	1	-1
2867.29	2141.84	3726.92	27.5772	199.92	1482.07	100.462	100.462	392.87	199.127	200.94	599.155	167.295	241.845	526.919	8	30	22	20	28	32	20	24	17	23	225	9.94635	2.63278	0.597272	1	1	-1
2988.81	12793.4	3071.73	29.0208	199.874	2548.98	99.4495	99.4495	950.854	199.776	199.704	600.814	188.811	193.403	671.726	8	31	129	16	29	33	127	131	13	19	231	12.4986	3.67805	0.834402	1	1	-1
2987.46	21911.7	5005.08	29.9363	200.479	1238.99	97.2117	97.2117	377.82	199.849	200.254	600.485	187.458	211.718	605.077	5	31	220	26	29	33	218	222	23	29	230	12.092	2.70089	0.612724	1	1	-1
3139.32	5601.16	3581.05	30.2276	200.724	1623.9	95.1257	95.1257	346.476	200.913	199.913	599.319	239.324	201.159	581.054	6	32	57	19	30	34	55	59	16	22	238	11.8407	2.66278	0.604078	1	1	-1
3181.04	319.311	1335.82	22.7017	199.126	1571.04	114.018	114.018	435.242	199.557	200.303	601.525	181.035	219.311	735.819	7	33	4	7	31	35	2	6	4	10	222	8.20486	2.27625	0.516391	1	1	-1
3227.2	4766.47	3756.2	26.1341	200.105	1461.93	104.395	104.395	372.576	200.732	199.374	598.837	227.197	166.471	556.198	6	33	49	20	31	35	47	51	17	23	228	10.1231	2.54031	0.576295	1	1	-1
3339.26	11972.1	1120.54	27.6958	200.266	1359.5	98.9012	98.9012	397.289	200.718	199.251	602.196	239.259	172.096	720.538	8	34	121	6	32	36	119	123	3	9	232	9.6198	2.53634	0.575394	1	1	-1
3354.12	5214.82	3106.76	25.1355	200.129	1640.66	102.427	102.427	398.172	198.979	200.302	601.578	154.118	214.821	706.76	8	35	53	16	33	37	51	55	13	19	226	8.90488	2.43543	0.552501	1	1	-1
3356.95	21194.3	4610.47	28.6537	199.67	1374.78	107.642	107.642	380.614	199.098	199.958	600.1	156.95	194.273	610.47	6	35	213	24	33	37	211	215	21	27	224	10.364	2.69408	0.611178	1	1	-1
3578.07	18485.5	3163.66	29.3755	199.836	1440.99	98.6065	98.6065	370.617	199.555	199.944	599.407	178.073	185.463	563.655	6	37	186	17	35	39	184	188	14	20	230	10.9597	2.65855	0.603119	1	1	-1
3664.44	11215	1731.59	26.1608	199.555	1318.58	106.023	106.023	409.975	199.343	200.4	598.165	164.438	215.032	531.59	6	38	113	10	36	40	111	115	7	13	223	9.61072	2.55978	0.580713	1	1	-1
3730.82	15200.4	4148.05	26.7932	200.405	1127.64	97.041	97.041	427.625	200.572	200.014	599.536	230.822	200.352	548.046	6	38	153	22	36	40	151	155	19	25	226	9.89821	2.60726	0.591482	1	1	-1
3713.42	16937.9	2464.65	25.6713	200.308	1302.14	96.8808	96.8808	389.783	200.084	200.619	600.918	213.415	237.882	664.649	7	38	170	13	36	40	168	172	10	16	226	9.56711	2.43833	0.553158	1	1	-1
3764.61	8212.92	1237.73	25.0509	199.692	1363.48	105.774	105.774	429.214	199.298	200.254	600.716	164.609	212.922	637.726	6	39	83	7	37	41	81	85	4	10	223	9.48599	2.53217	0.574447	1	1	-1
3788.01	23365.7	3031.91	25.752	199.651	1447.67	108.97	108.97	404.713	199.749	199.41	600.19	188.007	165.68	631.906	6	39	235	16	37	41	233	237	13	19	227	9.2071	2.45548	0.55705	1	1	-1
3846.79	6301.3	1818.19	26.8973	199.471	1553.71	102.054	102.054	450.957	198.839	200.059	600.201	146.787	201.304	618.195	7	40	64	10	38	42	62	66	7	13	225	9.38739	2.66468	0.60451	1	1	-1
4098.69	3466.3	2783.72	26.643	200.513	1363.55	101.522	101.522	392.96	199.922	199.473	599.403	198.693	166.303	583.717	5	42	36	15	40	44	34	38	12	18	229	9.65191	2.65904	0.60323	1	1	-1
4168.25	13765	4016.09	23.9053	200.696	1155.5	101.161	101.161	381.146	199.536	199.555	602.461	168.254	164.985	816.093	8	43	139	20	41	45	137	141	17	23	222	8.36928	2.37041	0.53775	1	1	-1
4238.09	18128.7	4412.68	31.1806	199.942	1619.66	94.5874	94.5874	400.769	201.015	200.45	600.179	238.086	228.735	612.68	8	43	182	23	41	45	180	184	20	26	229	11.254	2.91759	0.661884	1	1	-1
4335.89	3901.52	3463.43	26.5665	200.004	1584.78	101.316	101.316	438.179	200.673	200.003	601.084	235.894	201.52	663.434	7	44	40	18	42	46	38	42	15	21	226	9.86885	2.75865	0.625826	1	1	-1
4346.49	14180.8	3995.38	33.3882	200.494	1365.01	84.8276	84.8276	347.408	200.977	199.482	599.686	246.493	180.841	595.377	6	44	143	21	42	46	141	145	18	24	230	11.2072	2.80092	0.635416	1	1	-1
4309.34	22080.8	1211.1	27.6496	200.456	1328.83	93.0195	93.0195	378.285	200.171	199.659	600.14	209.337	180.788	611.102	6	44	222	7	42	46	220	224	4	10	231	10.8631	2.48941	0.564747	1	1	-1
4418.1	8849.92	3445.62	23.8777	199.782	2396.32	113.449	113.449	581.44	200.72	198.732	601.218	218.103	149.92	645.62	11	45	90	18	43	47	88	92	15	21	226	10.3835	2.88163	0.653725	1	1	-1
4479.1	8391.88	4927.84	28.9794	200.557	1604.21	91.1216	91.1216	357.618	199.751	199.98	599.144	179.099	191.882	527.842	7	46	85	26	44	48	83	87	23	29	226	11.0121	2.64726	0.600558	1	1	-1
4550.12	9705.91	4640.09	28.7944	199.929	1154.75	99.708	99.708	396.258	201.157	200.212	600.43	250.117	205.91	640.09	6	46	98	24	44	48	96	100	21	27	228	10.0319	2.69279	0.610887	1	1	-1
4513.36	9982.65	3096.96	28.3796	199.843	1252.46	100.823	100.823	355.869	200.26	199.597	598.393	213.356	182.652	496.959	7	46	101	17	44	48	99	103	14	20	225	10.5232	2.56191	0.581195	1	1	-1
4452.31	10985.1	3505.24	27.0338	199.467	1475.87	109.281	109.281	379.359	198.985	199.894	602.031	152.31	185.115	705.243	9	46	111	18	44	48	109	113	15	21	228	9.51702	2.59	0.587567	1	1	-1
4547.7	8855.85	4249.97	29.2108	200.956	2056.64	96.0148	96.0148	423.741	198.69	199.043	600.134	147.702	155.846	649.969	10	47	90	22	45	49	88	92	19	25	226	10.6094	3.00189	0.681009	1	1	-1
4856.65	969.128	1608.3	26.5592	199.557	1358.45	103.654	103.654	403.296	199	199.269	600.342	156.646	169.128	608.298	7	50	11	9	48	52	9	13	6	12	227	9.85422	2.52518	0.572862	1	1	-1
4882.83	10903.3	4859.13	26.0131	200.742	1353.51	94.6882	94.6882	389.126	199.648	199.922	600.553	182.833	203.308	659.134	6	50	110	25	48	52	108	112	22	28	228	10.4372	2.41277	0.547361	1	1	-1
4902.33	16347.4	3721.64	25.3581	199.677	1897.63	104.063	104.063	381.274	200	200.844	598.733	202.334	247.381	521.644	7	50	164	20	48	52	162	166	17	23	226	9.2216	2.40004	0.544473	1	1	-1
4993.22	5242.24	4038.87	32.9474	200.704	1115.62	85.7356	85.7356	334.542	199.908	200.728	601.203	193.219	242.236	638.869	7	51	53	21	49	53	51	55	18	24	228	10.6802	2.61229	0.592625	1	1	-1
5042.91	20063.3	1268.73	29.5959	200.459	1233.93	91.6925	91.6925	374.218	200.862	199.446	598.03	242.911	163.312	468.728	9	51	202	8	49	53	200	204	5	11	229	9.63433	2.59806	0.589395	1	1	-1
5240.32	7739.92	1347.44	30.9114	200.502	1437.07	87.7692	87.7692	433.082	200.855	200.852	598.782	240.325	239.921	547.439	7	53	78	8	51	55	76	80	5	11	228	10.5501	2.87806	0.652917	1	1	-1
5463.01	15830.1	3482.08	26.4707	199.901	1270	99.2858	99.2858	387.547	199.375	200.406	601.418	163.014	230.131	682.077	7	56	159	18	54	58	157	161	15	21	224	9.12637	2.47638	0.561791	1	1	-1
5659.94	18779.9	1642.43	26.5455	199.559	1355.11	102.063	102.063	472.473	199.167	199.561	597.679	159.941	179.88	442.43	7	58	189	10	56	60	187	191	7	13	225	9.62544	2.67039	0.605805	1	1	-1
6014.63	5967.37	3504.78	26.4093	199.863	1602.49	99.0072	99.0072	416.201	200.185	199.392	598.449	214.631	167.374	504.778	8	61	61	19	59	63	59	63	16	22	225	10.5078	2.58398	0.586202	1	1	-1
6006.45	6649.12	3921.9	29.5208	199.165	1234.1	107.208	107.208	389.381	200.215	198.834	598.893	206.449	149.119	521.902	7	61	68	21	59	63	66	70	18	24	225	10.4103	2.78824	0.632541	1	1	-1
6113.31	12302.5	4089.88	27.1851	199.881	1453.89	97.5711	97.5711	421.466	200.369	200.196	601.455	213.311	202.517	689.876	6	62	124	21	60	64	122	126	18	24	230	11.0528	2.6063	0.591264	1	1	-1
6067.46	16282.6	2399.17	26.8721	199.374	1469.22	101.49	101.49	434.84	199.283	199.667	599.972	167.462	182.588	599.167	6	62	164	13	60	64	162	166	10	16	223	10.4956	2.6701	0.605739	1	1	-1
6143.87	22424.2	1244.71	29.7642	200.722	1574.96	84.8365	84.8365	394.114	198.92	200.431	600.257	143.872	224.249	644.71	7	63	225	7	61	65	223	227	4	10	226	10.3412	2.63459	0.597683	1	1	-1
6291.39	10043.1	3398.13	32.3377	200.71	1447.1	86.3181	86.3181	318.338	199.798	201.064	600.302	191.385	243.116	598.132	7	64	101	18	62	66	99	103	15	21	232	10.7953	2.61213	0.592587	1	1	-1
6280.33	23735.4	1719.91	19.5686	199.784	1021.18	116.057	116.057	496.925	199.751	200.672	597.227	180.326	235.395	319.906	8	64	238	11	62	66	236	240	8	14	219	7.1403	2.08955	0.474035	1	1	-1
6518.7	19765.3	2630.8	25.3631	199.837	1417.4	106.899	106.899	403.473	200.313	199.17	600.403	218.699	165.32	630.802	7	66	199	14	64	68	197	201	11	17	227	9.52455	2.44105	0.553777	1	1	-1
6665.18	11753.9	3471.94	26.7	200.443	1248.25	97.5602	97.5602	380.797	199.505	199.22	601.068	165.183	153.891	671.944	7	68	119	18	66	70	117	121	15	21	223	9.09854	2.3899	0.542173	1	1	-1
6712.15	12551.6	2728.91	26.8147	199.223	1214.08	103.777	103.777	435.291	200.269	201.042	601.838	212.152	251.627	728.908	7	68	126	14	66	70	124	128	11	17	224	9.43062	2.61363	0.592928	1	1	-1
6821.03	4266.35	2765.45	27.1127	200.31	1196.75	93.6304	93.6304	399.158	200.285	199.269	598.864	221.027	166.347	565.45	6	69	44	15	67	71	42	46	12	18	226	10.2196	2.46295	0.558745	1	1	-1
6768.49	8841.25	1455.25	30.6049	200.043	1478.51	98.1132	98.1132	370.836	199.531	200.835	600.917	168.485	241.248	655.255	7	69	89	8	67	71	87	91	5	11	228	10.7171	2.77581	0.62972	1	1	-1
6789.74	10089.2	3704.53	28.8405	200.852	1178.66	89.3601	89.3601	357.602	199.748	199.899	601.544	189.735	189.217	704.532	8	69	102	19	67	71	100	104	16	22	225	10.6238	2.53916	0.576035	1	1	-1
7108.66	3060.88	4410.52	29.5832	200.694	1337.95	89.2353	89.2353	359.934	200.154	199.362	600.252	208.662	160.883	610.519	6	72	32	23	70	74	30	34	20	26	226	9.95628	2.48686	0.564168	1	1	-1
7067.08	17366.8	3744.44	29.1093	199.627	1537.09	98.6501	98.6501	381.071	199.112	199.333	599.277	167.081	166.807	544.441	7	72	175	20	70	74	173	177	17	23	230	10.8502	2.6799	0.607962	1	1	-1
7109.64	20899	3879.87	26.8233	199.693	1706.77	102.671	102.671	434.036	200.131	199.989	601.47	209.64	199.017	679.87	6	72	210	20	70	74	208	212	17	23	228	10.61	2.65631	0.60261	1	1	-1
7293.73	16253.1	2716.87	26.3693	200.002	1261.64	100.08	100.08	410.3	199.877	199.194	599.233	193.728	153.069	516.871	7	74	164	15	72	76	162	166	12	18	224	9.5129	2.554	0.5794	1	1	-1
7684.33	12236.5	2740.6	28.2091	199.865	1304.44	103.651	103.651	381.423	199.559	200.774	599.195	184.334	236.5	540.596	6	78	123	15	76	80	121	125	12	18	229	10.4772	2.6295	0.596528	1	1	-1
7730.41	25241.2	1567.63	27.4755	200.072	1252.68	104.085	104.085	400.736	200.6	200.806	599.224	230.413	241.212	567.633	6	78	253	9	76	80	251	255	6	12	226	9.81068	2.61727	0.593753	1	1	-1
7839.48	13418.7	2183.09	26.0036	199.703	1289	110.008	110.008	425.98	200.963	200.296	599.727	239.483	218.686	583.09	6	79	135	12	77	81	133	137	9	15	227	9.61088	2.73836	0.621224	1	1	-1
7881.42	13004	1950.5	28.7013	200.333	1558.86	95.4773	95.4773	386.52	199.55	200.143	599.458	181.42	203.967	550.501	6	80	131	11	78	82	129	133	8	14	228	11.1739	2.81072	0.637641	1	1	-1
8036.25	9363.72	4747	26.7671	200.632	1314.15	92.8138	92.8138	353.032	200.485	199.535	602.37	236.254	163.724	747.002	8	81	95	24	79	83	93	97	21	27	225	8.82035	2.32518	0.52749	1	1	-1
7970.84	21934	4038.68	32.0741	200.452	1413.76	86.5318	86.5318	358.881	199.782	200.471	597.826	170.841	234.007	438.679	8	81	220	22	79	83	218	222	19	25	225	10.3651	2.67866	0.607681	1	1	-1
8092.77	3965.42	1115.4	35.8544	200.684	1068.4	90.4244	90.4244	339.267	199.81	199.166	601.98	192.775	165.418	715.404	7	82	41	6	80	84	39	43	3	9	238	12.8998	2.97392	0.674663	1	1	-1
8065.95	17443.8	4466.75	29.2233	200.279	1243.11	94.3564	94.3564	362.164	199.51	200.775	600.812	165.951	243.841	666.751	7	82	175	23	80	84	173	177	20	26	225	9.15092	2.54934	0.578343	1	1	-1
8302.03	11238.1	2343.75	25.16	199.883	1315.52	109.32	109.32	383.889	199.944	198.784	598.966	202.034	138.126	543.753	7	84	114	13	82	86	112	116	10	16	226	8.57776	2.34665	0.532362	1	1	-1
8320.43	18483.2	1107.48	27.4859	199.457	1414.15	109.179	109.179	384.169	200.375	199.807	598.401	220.432	183.18	507.479	7	84	186	7	82	86	184	188	4	10	227	9.71329	2.60606	0.591209	1	1	-1
8287.35	19790.5	2449.63	24.3962	199.522	1140.08	109.376	109.376	415.573	199.877	199.743	600.94	187.355	190.471	649.629	6	84	199	13	82	86	197	201	10	16	225	9.23021	2.37308	0.538357	1	1	-1
8420.67	5707.51	1711.07	31.8082	200.445	1166.38	95.12	95.12	349.216	200.288	200.226	598.632	220.667	207.508	511.067	8	85	58	10	83	87	56	60	7	13	231	11.8217	2.71463	0.615841	1	1	-1
8437.9	8316.73	4159.56	24.8084	200.312	1473.59	99.4742	99.4742	380.368	200.775	200.342	599.597	237.902	216.725	559.56	7	85	84	22	83	87	82	86	19	25	228	9.44578	2.25899	0.512474	1	1	-1
8702.76	2672.9	3166.51	25.0145	199.05	1455.32	110.97	110.97	441.265	200.067	199.387	599.681	202.761	172.9	566.511	5	88	28	17	86	90	26	30	14	20	226	9.44407	2.53345	0.574738	1	1	-1
8680.33	22909.4	2659.36	25.1779	199.916	1385.48	97.3245	97.3245	467.058	199.737	200.353	598.656	180.328	209.44	459.362	7	88	230	15	86	90	228	232	12	18	222	9.4848	2.53798	0.575767	1	1	-1
8757.98	3748.67	4683.85	30.5729	199.998	1187.46	93.1055	93.1055	386.643	199.154	201.078	598.096	157.981	248.672	483.846	8	89	38	25	87	91	36	40	22	28	227	10.0491	2.78154	0.63102	1	1	-1
8797.15	19242.9	4526.44	28.1032	200.438	1221.29	93.7064	93.7064	412.933	199.936	200.827	601.962	197.147	242.925	726.444	8	89	193	23	87	91	191	195	20	26	229	10.3358	2.61416	0.593049	1	1	-1
9037.21	18927.1	1778.6	25.8094	200.34	1511.19	94.6021	94.6021	446.547	200.791	200.478	599.636	237.21	227.096	578.602	7	91	190	10	89	93	188	192	7	13	230	9.33962	2.48249	0.563178	1	1	-1
9138	11661.9	3878.63	25.4204	199.74	1328.21	100.641	100.641	425.605	200.7	199.429	601.305	237.998	161.858	678.626	7	92	118	20	90	94	116	120	17	23	224	8.65041	2.50737	0.568822	1	1	-1
9117.18	16278.1	1448.18	30.3118	200.321	1283.22	94.0462	94.0462	372.5	200.252	199.539	600.632	217.177	178.071	648.176	6	92	164	8	90	94	162	166	5	11	230	11.4422	2.75661	0.625365	1	1	-1
9083.92	24695.5	1058	26.5803	200.233	951.309	98.2888	98.2888	420.305	199.648	200.008	600.397	183.924	195.451	657.996	6	92	248	6	90	94	246	250	3	9	224	10.3584	2.50584	0.568474	1	1	-1
9182.77	540.033	2000.38	30.8894	200.79	1989.72	81.8202	81.8202	380.04	199.661	201.056	599.95	182.766	240.033	600.383	8	93	6	11	91	95	4	8	8	14	235	11.4471	2.59402	0.588479	1	1	-1
9508.58	11203.6	1895.85	26.7804	200.278	1220.74	99.2006	99.2006	386.371	200.12	200.098	601.079	208.585	203.625	695.848	8	96	113	10	94	98	111	115	7	13	223	10.5822	2.4983	0.566765	1	1	-1
9600.29	19404.5	1436.9	31.106	199.951	1183.93	93.6861	93.6861	418.689	200.095	200.148	600.408	200.287	204.503	636.901	6	97	195	8	95	99	193	197	5	11	228	12.0498	2.9539	0.67012	1	1	-1
9631.6	21272.2	2106.41	27.9203	200.148	1305.5	97.0078	97.0078	364.718	200.456	199.558	598.51	231.602	172.219	506.41	7	97	214	12	95	99	212	216	9	15	223	9.78199	2.45942	0.557944	1	1	-1
9712.72	19054.7	4474.24	28.1742	200.136	1320.89	96.095	96.095	378.045	200.207	201.123	601.366	212.716	254.732	674.244	8	98	191	23	96	100	189	193	20	26	232	10.2745	2.57973	0.585238	1	1	-1
9786.77	19734.3	2845.51	26.5839	199.845	1411.77	102.572	102.572	412.879	199.905	200.61	597.46	186.775	234.317	445.511	8	99	198	16	97	101	196	200	13	19	223	9.28144	2.5376	0.57568	1	1	-1
9908.21	15270.6	1608.84	29.1071	200.511	1343.93	90.513	90.513	359.874	200.084	199.446	600.246	208.211	170.559	608.84	5	100	154	9	98	102	152	156	6	12	231	11.1339	2.52276	0.572313	1	1	-1
9965.13	23827	4903.41	27.537	200.049	1282.72	96.8218	96.8218	396.582	199.429	200.386	598.432	165.134	226.954	503.411	7	101	239	26	99	103	237	241	23	29	224	10.5272	2.57083	0.583218	1	1	-1
10176.9	10101.1	2882.37	25.9831	198.663	1350.64	114.713	114.713	414.091	199.572	199.874	601.68	176.869	201.065	682.372	7	103	102	15	101	105	100	104	12	18	222	9.46332	2.5918	0.587976	1	1	-1
10241.7	20451.1	3180.69	27.9014	200.196	1150.63	92.6889	92.6889	405.224	200.739	200.96	600.157	241.692	251.054	580.688	6	103	205	17	101	105	203	207	14	20	224	9.2378	2.57699	0.584617	1	1	-1
10294.2	11521.2	4219.74	24.7045	199.188	1310.12	111.252	111.252	435.165	199.952	200.322	597.217	194.235	221.246	419.74	7	104	116	23	102	106	114	118	20	26	225	9.16156	2.45672	0.557331	1	1	-1
10297.5	18634.2	4809.52	27.7835	200.289	1348.34	93.5841	93.5841	424.364	200.017	200.705	600.291	197.475	234.223	609.515	6	104	187	25	102	106	185	189	22	28	225	10.1511	2.63399	0.597548	1	1	-1
10555.9	4033.07	4167.71	27.7586	199.279	2242.49	120.33	120.33	436.38	201.274	200.857	603.06	255.86	233.072	767.711	9	106	41	21	104	108	39	43	18	24	228	10.7846	2.91116	0.660427	1	1	-1
10507.1	7642.38	3485.72	34.1604	199.638	2258.3	100.595	100.595	599.163	200.418	201.376	601.345	207.086	242.377	685.724	8	106	77	18	104	108	75	79	15	21	237	14.5396	3.89394	0.88338	1	1	-1
10556.5	21621.3	4838.99	29.2901	200.396	1535.63	89.4242	89.4242	411.861	200.94	200.397	600.593	256.546	221.305	638.986	8	106	217	25	104	108	215	219	22	28	226	9.34947	2.68268	0.608593	1	1	-1
10548	2206.47	4723.82	27.7887	200.036	1576.74	103.008	103.008	389.723	198.972	200.045	599.168	148.027	206.466	523.816	7	107	23	25	105	109	21	25	22	28	227	10.2878	2.63909	0.598704	1	1	-1
10614.6	21327.2	1948.84	26.56	199.224	1435.63	107.176	107.176	400.62	200.339	200.44	598.829	214.595	227.177	548.837	7	107	214	11	105	109	212	216	8	14	226	9.33325	2.5737	0.583868	1	1	-1
10655.3	23562.6	4987.13	24.8514	200.272	1394.96	98.8371	98.8371	449.805	198.966	199.388	600.101	155.288	162.566	587.133	7	108	237	26	106	110	235	239	23	29	221	8.66381	2.44741	0.55522	1	1	-1
10731.1	3991.29	4667.94	27.3643	201.159	3593.6	106.553	106.553	425.392	198.373	199.856	600.915	131.112	191.287	667.938	12	109	41	24	107	111	39	43	21	27	230	10.2929	2.99732	0.679972	1	1	-1
10769.2	17594.3	2601.27	26.4795	200.304	1533.51	93.6314	93.6314	419.793	199.451	199.997	602.851	169.16	194.324	801.27	8	109	177	13	107	111	175	179	10	16	230	9.83588	2.49239	0.565424	1	1	-1
10773.4	17586.2	4889.24	24.7778	199.468	1526.18	111.577	111.577	438.261	199.363	199.651	601.296	173.413	186.236	689.237	7	109	177	25	107	111	175	179	22	28	224	9.17172	2.48926	0.564712	1	1	-1
10978.5	1774.39	2863.66	26.7468	199.844	1315.62	106.343	106.343	413.76	199.676	199.69	598.207	178.532	174.387	463.663	7	111	19	16	109	113	17	21	13	19	221	9.41958	2.56623	0.582175	1	1	-1
11090.1	20919.4	1865.61	31.9104	201.17	1436.72	79.743	79.743	367.525	199.745	200.537	601.287	190.095	219.392	665.611	7	112	210	10	110	114	208	212	7	13	230	11.1499	2.62279	0.595006	1	1	-1
11223.4	6275.1	2524.12	30.8832	200.807	1161.73	86.2304	86.2304	369.789	200.316	199.382	599.183	223.376	175.096	524.117	7	113	64	14	111	115	62	66	11	17	229	11.1733	2.66806	0.605277	1	1	-1
11347.3	22550.5	2635.47	28.1747	200.146	1253.1	98.5008	98.5008	431.373	200.849	201.114	601.111	247.297	250.484	635.473	7	114	226	14	112	116	224	228	11	17	225	8.79753	2.71792	0.616587	1	1	-1
11328.4	22848.9	3231.74	27.4955	200.815	1806.41	102.561	102.561	348.89	200.719	198.89	600.602	228.416	148.944	631.745	8	114	230	17	112	116	228	232	14	20	229	10.2131	2.48557	0.563876	1	1	-1
11354.6	14298.8	1060	27.8631	199.771	1635.1	99.4347	99.4347	370.594	199.115	199.891	601.082	154.602	198.82	659.998	6	115	144	6	113	117	142	146	3	9	225	9.71966	2.56642	0.582218	1	1	-1
11422.4	14589.7	3969.22	27.4997	200.027	1308.17	103.415	103.415	366.57	200.347	199.782	599.653	222.414	189.736	569.216	5	115	147	21	113	117	145	149	18	24	229	10.3649	2.49965	0.567071	1	1	-1
11642.7	2904.14	3471.05	27.842	199.584	1171.7	100.567	100.567	429.482	200.94	200.12	598.125	242.712	204.137	471.051	7	117	30	19	115	119	28	32	16	22	231	10.2172	2.73087	0.619525	1	1	-1
11790.7	24047.8	3425.38	27.1278	199.682	1275.04	98.9285	98.9285	478.473	199.611	200.987	597.656	190.674	247.76	425.379	8	119	241	19	117	121	239	243	16	22	224	9.46137	2.66795	0.605252	1	1	-1
12032.8	1304.21	4945.48	24.0965	199.778	1410.23	112.892	112.892	433.374	200.547	200.053	602.043	232.764	204.214	745.475	7	121	14	25	119	123	12	16	22	28	223	8.45499	2.36961	0.537569	1	1	-1
12005.2	5858.21	1421.27	25.9102	199.468	991.654	100.16	100.16	524.77	200.355	199.069	599.95	205.243	158.214	621.271	6	121	60	8	119	123	58	62	5	11	223	9.94204	2.7121	0.615267	1	1	-1
11992.8	14312.6	2805.44	25.5189	200.261	1214.94	101.694	101.694	389.638	199.93	200.134	602.719	192.793	212.601	805.444	8	121	144	14	119	123	142	146	11	17	227	9.84683	2.28506	0.518388	1	1	-1
12138.6	20758.6	4162.74	30.0842	200.004	1208.32	93.8896	93.8896	391.941	200.697	199.244	599.978	238.551	158.565	562.738	7	122	209	22	120	124	207	211	19	25	228	10.0253	2.8697	0.651019	1	1	-1
12230.6	21310.2	3809.26	29.3636	200.022	1404.72	95.9861	95.9861	378.896	200.699	200.19	600.101	230.638	210.195	609.26	6	123	214	20	121	125	212	216	17	23	233	11.1393	2.68885	0.609992	1	1	-1
12277.3	4127.36	4548.95	28.6035	200.83	1268.58	89.1543	89.1543	357.971	199.566	200.38	599.284	177.278	227.361	548.95	6	124	42	24	122	126	40	44	21	27	225	10.4184	2.47555	0.561603	1	1	-1
12324.9	11524.9	2749.47	26.8063	200.135	1321.15	102.241	102.241	384.266	200.355	200.425	602.158	224.925	224.914	749.473	8	124	116	14	122	126	114	118	11	17	224	9.45735	2.45264	0.556406	1	1	-1
12365.3	3447.99	2416.04	26.4287	200.324	1327.46	101.706	101.706	369.173	199.609	201.009	599.955	165.27	247.987	616.04	6	125	35	13	123	127	33	37	10	16	224	8.95079	2.45431	0.556785	1	1	-1
12476.5	7306.46	4106.03	23.4652	199.233	1437.77	118.723	118.723	387.476	201.359	200.238	598.448	276.488	206.458	506.03	9	125	74	22	123	127	72	76	19	25	222	7.93863	2.27648	0.516442	1	1	-1
12447.2	10691.4	3325.05	26.3534	199.957	1158.03	101.408	101.408	401.993	200.881	199.838	598.993	247.227	191.362	525.045	8	125	108	18	123	127	106	110	15	21	220	9.07288	2.49449	0.5659	1	1	-1
12630.6	2175.68	1749.18	33.8474	200.563	1398.1	86.0493	86.0493	352.106	200.448	199.435	598.753	230.638	175.681	549.182	7	127	23	10	125	129	21	25	7	13	239	12.0637	2.81289	0.638132	1	1	-1
12746	23056.1	2108.19	23.0315	199.711	1617.2	109.314	109.314	460.943	200.959	199.214	601.231	245.984	156.106	708.191	8	128	232	11	126	130	230	234	8	14	224	7.87053	2.29838	0.521411	1	1	-1
12927.9	2905.58	2277.55	43.2679	201.111	2369.72	91.7319	91.7319	483.851	200.748	200.157	601.045	227.912	205.58	677.549	7	130	30	12	128	132	28	32	9	15	242	17.652	4.40801	1	1	1	-1
12896.4	6575.94	2970.78	26.1522	202.083	2729.34	92.2421	92.2421	369.026	200.181	199.536	598.382	196.434	175.941	570.776	6	130	67	16	128	132	65	69	13	19	227	10.2874	2.70667	0.614034	1	1	-1
12852.2	6994.13	2694.43	26.5806	200.088	1276.25	105.29	105.29	407.723	198.926	199.768	601.038	152.187	194.127	694.426	7	130	71	14	128	132	69	73	11	17	223	9.45195	2.66814	0.605295	1	1	-1
13012.8	25101	1651.33	24.9915	199.522	1153.14	105.404	105.404	434.655	200.313	200.101	600.716	212.85	200.996	651.334	6	131	252	9	129	133	250	254	6	12	225	9.69599	2.50346	0.567935	1	1	-1
13092.3	6401.7	2216.14	27.6622	201.711	2745.41	94.1748	94.1748	354.109	199.168	200.342	601.809	192.324	201.703	616.141	7	132	65	12	130	134	63	67	9	15	227	10.9997	2.70953	0.614684	1	1	-1
13129.8	14295.1	4433.6	27.0916	199.44	1362.26	107.886	107.886	435.708	200.676	199.732	600.458	229.769	195.135	633.599	6	132	144	23	130	134	142	146	20	26	229	10.3845	2.70387	0.613399	1	1	-1
13510.4	11203.1	1549.67	28.6577	199.941	1445.8	97.1112	97.1112	385.767	200.23	199.997	601.68	210.397	203.132	749.673	8	136	113	8	134	138	111	115	5	11	231	10.7487	2.62556	0.595635	1	1	-1
13480.3	20007.3	1792.2	24.0798	199.774	1017.31	109.894	109.894	373.941	199.65	200.014	596.84	180.266	207.338	392.202	8	136	201	11	134	138	199	203	8	14	226	8.87533	2.24214	0.508652	1	1	-1
13551.9	3943.57	2928.16	30.0454	200.784	1715.46	88.3815	88.3815	351.012	199.085	199.256	599.172	151.879	143.569	528.156	8	137	41	16	135	139	39	43	13	19	231	9.12903	2.54882	0.578225	1	1	-1
13564.6	17917	2756.92	33.5976	200.045	1377.59	91.3781	91.3781	376.329	199.119	200.263	599.077	164.618	216.972	556.924	6	137	180	15	135	139	178	182	12	18	229	12.1071	2.99515	0.679478	1	1	-1
13969.2	18584.4	2787.45	27.278	200.051	1269.4	102.223	102.223	355.008	199.642	199.785	599.776	169.242	184.356	587.447	6	141	187	15	139	143	185	189	12	18	223	9.33509	2.43143	0.551594	1	1	-1
14192.2	20350.7	4144.55	28.2294	200.137	1292.1	100.305	100.305	393.575	199.855	201.028	599.324	192.245	250.676	544.547	7	143	204	22	141	145	202	206	19	25	230	10.0039	2.61188	0.592532	1	1	-1
14276.7	12516.5	4880.61	27.727	200.408	1266.13	95.8467	95.8467	393.378	199.617	200.168	601.028	176.683	216.501	680.608	6	144	126	25	142	146	124	128	22	28	228	10.6042	2.59463	0.588618	1	1	-1
14468.4	20836.8	1086.34	30.2208	200.89	1312.72	90.1021	90.1021	345.639	199.444	200.752	601.487	168.376	236.763	686.343	7	146	209	6	144	148	207	211	3	9	230	10.7522	2.56138	0.581076	1	1	-1
14676	1141.06	2438.44	32.5879	200.508	1372.67	84.8585	84.8585	365.067	199.306	200.857	600.521	175.965	241.062	638.441	7	148	12	13	146	150	10	14	10	16	230	11.6857	2.68671	0.609508	1	1	-1
14697.2	3844.88	3023.74	28.2217	198.816	3489.34	145.401	145.401	486.379	199.92	198.57	600.203	197.249	144.882	623.743	8	148	40	16	146	150	38	42	13	19	238	9.96727	3.04217	0.690145	1	1	-1
14669.3	7654.05	3016.76	33.1085	200.703	1375.52	89.2771	89.2771	305.076	199.611	199.286	600.235	169.282	154.052	616.759	7	148	78	16	146	150	76	80	13	19	226	9.86335	2.56919	0.582845	1	1	-1
14748.9	10976.2	4587.16	25.5456	199.475	1376.47	105.508	105.508	441.899	200.784	199.588	603.069	248.886	176.202	787.159	8	148	111	23	146	150	109	113	20	26	221	8.88646	2.54209	0.576698	1	1	-1
14653	14244.8	1306.38	28.5058	199.763	1136.94	97.2163	97.2163	457.999	199.035	200.872	598.541	153.022	244.78	506.375	7	148	143	8	146	150	141	145	5	11	227	9.2575	2.77107	0.628646	1	1	-1
14828.8	21869.7	1857.43	26.3705	199.642	1341.24	108.935	108.935	391.437	200.456	199.335	601.33	228.83	169.725	657.428	7	149	220	10	147	151	218	222	7	13	225	9.28073	2.50463	0.5682	1	1	-1
14882.2	19126.2	1344.02	26.462	200.202	1516.25	100.23	100.23	391.858	199.653	200.38	602.165	182.19	226.156	744.02	8	150	192	7	148	152	190	194	4	10	225	10.4168	2.45674	0.557336	1	1	-1
15181.1	3377.12	4279.32	26.5289	199.623	1428.62	104.419	104.419	391.524	199.58	199.558	601.159	181.147	177.123	679.321	7	153	35	22	151	155	33	37	19	25	228	10.8986	2.63046	0.596747	1	1	-1
15413	2832.52	4514.67	36.4217	200.351	2276.06	97.1494	97.1494	649.099	200.511	200.939	603.558	212.976	232.522	914.67	10	155	29	22	153	157	27	31	19	25	239	15.4519	3.97481	0.901725	1	1	-1
15646.7	18086.9	4496.6	26.1959	199.39	1360.59	104.965	104.965	431.294	198.967	199.597	598.41	146.744	186.871	496.605	8	158	182	24	156	160	180	184	21	27	228	9.4004	2.61129	0.592397	1	1	-1
15669.9	21429.1	2380.77	26.0884	199.173	1192.89	111.464	111.464	395.651	199.362	200.669	599.451	169.923	229.148	580.766	6	158	215	13	156	160	213	217	10	16	226	9.68588	2.52554	0.572945	1	1	-1
15906.3	15126.8	4437.24	26.1458	199.749	1783.01	104.837	104.837	405.881	200.391	200.649	601.191	206.282	226.81	637.242	8	160	152	23	158	162	150	154	20	26	232	10.3188	2.53544	0.57519	1	1	-1
16038	2718.48	1324.2	29.2089	200.104	1504.88	94.5004	94.5004	405.417	200.512	200.168	598.909	237.985	218.48	524.196	8	161	28	8	159	163	26	30	5	11	227	10.1694	2.72198	0.617509	1	1	-1
15994.2	6783.51	3275.45	29.9928	200.307	1624.93	89.6413	89.6413	458.608	200.031	199.871	597.988	194.206	183.513	475.445	8	161	69	18	159	163	67	71	15	21	224	11.0905	2.83766	0.643752	1	1	-1
16047.7	21703.4	4013.88	27.1933	199.784	1149.1	103.981	103.981	355.117	200.84	200.067	600.235	247.742	203.419	613.88	6	161	218	21	159	163	216	220	18	24	224	9.04421	2.37458	0.538697	1	1	-1
16109.3	9653	2820.34	27.6811	199.938	1497.24	99.3119	99.3119	397.502	200.199	199.242	600.218	209.252	152.998	620.343	6	162	98	15	160	164	96	100	12	18	224	9.77491	2.67022	0.605765	1	1	-1
16200.3	20369	1993.31	30.7875	200.891	1287.15	90.7395	90.7395	345.867	200.061	199.341	600.754	200.314	169.007	593.311	7	163	205	11	161	165	203	207	8	14	230	11.0215	2.56336	0.581524	1	1	-1
16149.2	23192.8	4837.01	27.4102	199.975	1176.02	103.413	103.413	383.41	198.971	200.075	597.098	149.244	192.828	437.015	9	163	233	26	161	165	231	235	23	29	225	9.65505	2.55962	0.580676	1	1	-1
16251.5	24291.2	3041.83	26.2352	199.102	1436.85	113.433	113.433	429.075	201.154	199.852	600.95	251.492	191.229	641.831	8	163	244	16	161	165	242	246	13	19	229	9.38725	2.5927	0.588179	1	1	-1
16277.9	4081.5	2256.09	28.9474	199.815	1491.83	99.3543	99.3543	367.467	199.429	199.496	601.125	177.921	181.501	656.086	6	164	42	12	162	166	40	44	9	15	226	11.3491	2.63187	0.597066	1	1	-1
16374.9	5825.39	3927.6	26.6473	200.377	1040.62	98.0761	98.0761	398.503	199.648	200.47	601.795	174.866	225.39	727.599	7	165	59	20	163	167	57	61	17	23	225	9.35913	2.45345	0.55659	1	1	-1
16423.1	19340	4554.61	27.8856	199.528	1568.65	101.868	101.868	398.389	200.431	200.778	598.863	223.059	240.046	554.61	7	165	194	24	163	167	192	196	21	27	228	10.485	2.60307	0.590532	1	1	-1
16528.5	976.923	4988.48	25.3316	199.867	1327.5	103.078	103.078	426.001	200.626	199.547	599.323	228.535	176.923	588.475	6	166	11	26	164	168	9	13	23	29	223	9.3031	2.44329	0.554284	1	1	-1
16448.6	1333.39	3102.44	24.848	199.989	1114.31	103.327	103.327	405.162	199.051	200.487	601.864	148.618	233.394	702.438	8	166	14	16	164	168	12	16	13	19	223	8.73407	2.45278	0.556438	1	1	-1
16571.6	14923.7	2793.5	28.1556	199.93	1396.53	97.6699	97.6699	395.081	199.452	200.459	600.364	171.649	223.741	593.496	6	167	150	15	165	169	148	152	12	18	226	10.352	2.61866	0.594068	1	1	-1
16741.2	21990.5	4271.91	26.0959	199.712	1270.39	106.834	106.834	401.358	200.858	199.768	601.761	241.211	190.491	671.909	7	168	221	22	166	170	219	223	19	25	223	9.49697	2.52937	0.573813	1	1	-1
16671.4	24725.6	1420.81	32.76	199.821	1270.2	97.6594	97.6594	350.989	199.441	200.45	600.313	171.362	225.576	620.813	6	168	248	8	166	170	246	250	5	11	227	11.3866	2.87687	0.652647	1	1	-1
16844.1	7459.64	2460.17	27.4038	199.407	1378.92	107.45	107.45	379.596	200.806	199.317	597.525	244.127	159.644	460.173	8	169	76	14	167	171	74	78	11	17	224	9.04525	2.68012	0.608012	1	1	-1
16904.3	486.538	1968.66	28.0487	199.575	1473.11	97.8718	97.8718	437.641	200.224	199.586	599.659	204.31	186.538	568.656	6	170	6	11	168	172	4	8	8	14	230	11.3567	2.79812	0.63478	1	1	-1
16941.4	2784.65	4111.04	26.8699	199.564	1383.72	104.056	104.056	388.532	200.678	199.58	598.247	241.361	184.648	511.04	7	170	29	22	168	172	27	31	19	25	229	9.56628	2.52993	0.57394	1	1	-1
16961.6	18738.6	3990.34	23.5076	199.948	1446.2	103.762	103.762	368.998	201.021	200.561	599.854	261.599	238.597	590.338	7	170	188	21	168	172	186	190	18	24	226	7.63637	2.12181	0.481353	1	1	-1
16978	8782.21	4268.95	25.8812	200.667	1204.53	95.4713	95.4713	357.233	199.617	199.742	598.5	178.03	182.215	468.955	7	171	89	23	169	173	87	91	20	26	223	9.77305	2.29804	0.521333	1	1	-1
16959.7	9118.03	1489.92	30.7113	200.12	1084.03	97.0835	97.0835	353.967	199.058	200.464	601.314	159.742	218.032	689.924	7	171	92	8	169	173	90	94	5	11	230	11.279	2.61703	0.593699	1	1	-1
17104.4	15607.2	1243.42	26.9465	198.553	1609.82	114.464	114.464	430.034	200.087	200.26	600.526	204.448	207.237	643.421	5	172	157	7	170	174	155	159	4	10	229	10.7317	2.7104	0.614881	1	1	-1
17219.6	21794.3	3913.22	28.0421	200.044	1147.28	96.3007	96.3007	432.833	200.207	199.81	598.306	219.619	194.293	513.22	7	173	219	21	171	175	217	221	18	24	228	11.3046	2.85573	0.647852	1	1	-1
17192.2	24763.8	2729.94	26.0862	199.351	1130.04	104.357	104.357	409.383	199.849	199.344	598.784	192.174	163.825	529.942	6	173	249	15	171	175	247	251	12	18	222	9.79683	2.54817	0.578079	1	1	-1
17369.3	6440.99	4276.34	24.6271	200.264	1509.51	99.3854	99.3854	422.844	199.382	200.585	600.996	169.278	240.989	676.34	7	175	65	22	173	177	63	67	19	25	229	8.52472	2.27827	0.516849	1	1	-1
17339.5	13620.1	4455.41	29.5602	200.219	1193.5	95.422	95.422	365.536	198.831	200.364	601.035	139.486	220.082	655.406	7	175	137	23	173	177	135	139	20	26	224	9.56941	2.60387	0.590713	1	1	-1
17447	10903.7	2056.73	25.4369	199.484	1178.97	107.391	107.391	402.766	198.852	199.972	600.778	146.958	203.711	656.726	7	176	110	11	174	178	108	112	8	14	221	8.61695	2.51613	0.57081	1	1	-1
17517.8	12999.1	1511.38	28.5814	199.819	1775.49	99.6259	99.6259	422.825	200.366	199.86	598.519	217.821	199.088	511.378	6	176	131	9	174	178	129	133	6	12	227	11.9371	2.74448	0.622612	1	1	-1
17632.6	686.328	1754.1	28.9013	199.746	1157.21	93.744	93.744	387.956	200.415	199.801	602.329	232.585	186.328	754.097	8	177	8	9	175	179	6	10	6	12	228	9.9313	2.65049	0.60129	1	1	-1
17705.2	10183.9	2645.89	32.2571	200.448	1382.65	89.8421	89.8421	366.434	200.201	199.704	600.134	205.227	183.94	645.895	6	178	103	14	176	180	101	105	11	17	230	12.2833	2.803	0.635888	1	1	-1
17907.4	20362.3	4446.86	26.0918	199.699	1250.7	101.476	101.476	466.981	200.157	199.242	597.651	207.356	162.297	446.86	8	180	205	24	178	182	203	207	21	27	225	9.75455	2.61417	0.593049	1	1	-1
17979.9	22761.8	1256.51	27.579	202.173	3197.82	99.7764	99.7764	301.68	200.336	198.592	601.711	179.947	161.774	656.514	10	181	229	7	179	183	227	231	4	10	232	9.65163	2.61418	0.593053	1	1	-1
18108.7	13801.8	3924.53	28.9705	200.488	1231.02	96.9267	96.9267	322.819	200.064	199.807	598.847	208.747	201.821	524.528	7	182	139	21	180	184	137	141	18	24	227	11.2759	2.5037	0.56799	1	1	-1
18135.4	19447.2	4584.4	26.7015	200.348	1367.27	102.502	102.502	341.217	200.761	200.811	599.922	235.378	247.161	584.4	7	182	195	24	180	184	193	197	21	27	226	9.01005	2.36554	0.536646	1	1	-1
18286.1	4366.15	2204.43	26.2169	199.776	1303	102.271	102.271	377.566	199.75	199.582	596.866	186.087	166.149	404.433	9	184	45	13	182	186	43	47	10	16	227	9.10955	2.44438	0.554532	1	1	-1
18293	7403.72	2774.65	27.6696	201.122	1204.82	90.107	90.107	378.961	199.791	200.022	599.414	192.974	203.724	574.652	5	184	75	15	182	186	73	77	12	18	225	10.5267	2.42534	0.550212	1	1	-1
18234.9	22610.3	1664.06	27.2319	200.386	1601.25	95.4574	95.4574	427.099	198.6	200.313	597.937	134.922	210.308	464.057	10	184	227	10	182	186	225	229	7	13	227	9.94868	2.51187	0.569843	1	1	-1
18397.9	22834.8	4966.42	26.9092	200.088	1014.15	98.1814	98.1814	421.11	200.034	200.668	599.586	197.943	234.79	566.42	6	185	229	26	183	187	227	231	23	29	224	9.97108	2.5705	0.583143	1	1	-1
18462.9	19352.8	3816.68	26.3407	200.308	1349.49	98.4972	98.4972	417.098	199.041	201.084	600.609	162.867	252.761	616.679	8	186	194	20	184	188	192	196	17	23	228	9.6776	2.45658	0.557301	1	1	-1
18617.1	10493.6	1156.94	25.9547	198.096	1374.13	123.995	123.995	430.286	200.408	199.902	599.363	217.129	193.63	556.937	6	187	106	7	185	189	104	108	4	10	222	9.73188	2.53769	0.5757	1	1	-1
18759.2	24519.2	3564.29	30.2997	200.354	1262.6	95.8833	95.8833	369.293	201.229	200.26	599.899	259.238	219.172	564.294	7	188	246	19	186	190	244	248	16	22	227	10.2268	2.75101	0.624095	1	1	-1
18813	17159.8	4361.08	31.1027	200.326	1171.37	94.8102	94.8102	354.905	200.145	199.159	599.57	213.029	159.826	561.079	6	189	173	23	187	191	171	175	20	26	230	11.5388	2.72506	0.618206	1	1	-1
18879.6	11228.2	2293.02	26.527	200.542	1069.35	99.0279	99.0279	384.132	199.606	200.489	601.324	179.562	228.221	693.02	7	190	113	12	188	192	111	115	9	15	229	9.67688	2.37144	0.537985	1	1	-1
19242.6	2257.89	1086.7	26.2549	200.056	1397.69	101.285	101.285	387.045	200.904	199.127	598.685	242.646	157.885	486.699	8	193	24	7	191	195	22	26	4	10	231	8.96627	2.46204	0.558539	1	1	-1
19239	19454.7	1794.43	30.326	200.395	1325.22	94.7837	94.7837	386.658	200.813	201.081	600.073	238.987	254.656	594.433	7	193	195	10	191	195	193	197	7	13	232	10.0868	2.76723	0.627773	1	1	-1
19193.3	20811.3	4227.7	28.3447	200.176	1398.01	97.7049	97.7049	380.734	200.053	200.123	597.857	193.314	211.346	427.704	8	193	209	23	191	195	207	211	20	26	228	10.7294	2.59452	0.588593	1	1	-1
19286.6	14729	2861.83	31.3078	199.772	1367.89	99.8269	99.8269	376.77	199.83	200.732	601.386	186.599	229.031	661.829	6	194	148	15	192	196	146	150	12	18	228	11.2616	2.87106	0.651329	1	1	-1
19372.8	24750	1180.77	25.8817	199.214	1732.38	112.68	112.68	416.765	199.46	199.065	602.988	172.828	149.993	780.766	8	195	249	6	193	197	247	251	3	9	228	8.8376	2.52276	0.572313	1	1	-1
19448.3	24449.9	1745.34	24.8453	200.232	2151.53	111.655	111.655	407.411	198.854	200.808	598.913	148.314	249.877	545.344	7	196	245	10	194	198	243	247	7	13	224	8.10203	2.36114	0.535648	1	1	-1
19567.1	12274.5	1424.49	29.3929	200.145	1540.12	97.8242	97.8242	379.056	199.218	199.631	600.509	167.122	174.542	624.494	5	197	124	8	195	199	122	126	5	11	227	11.2899	2.72434	0.618043	1	1	-1
19628.2	15582.4	4561.66	29.6443	199.869	1403.93	99.3706	99.3706	359.088	200.549	199.67	602.945	228.208	182.424	761.655	7	197	157	23	195	199	155	159	20	26	227	10.5959	2.66936	0.60557	1	1	-1
19953.5	16074	3979.58	24.8774	199.949	1443.02	101.96	101.96	395.211	199.37	199.647	599.731	153.534	173.995	579.579	7	201	162	21	199	203	160	164	18	24	222	8.55507	2.41058	0.546865	1	1	-1
20149.1	1721.49	2662.75	28.0166	200.002	1328.5	97.9086	97.9086	388.034	200.898	200.411	600.812	249.062	221.493	662.754	6	202	18	14	200	204	16	20	11	17	229	9.87087	2.5889	0.587318	1	1	-1
20138.8	21001.6	3071.9	26.0203	200.909	1919.41	95.7709	95.7709	392.23	201.055	199.858	599.09	238.847	201.627	471.901	8	202	211	17	200	204	209	213	14	20	232	9.84897	2.58703	0.586894	1	1	-1
20237.1	15184.2	2294.72	29.976	200.106	1466.09	94.8576	94.8576	353.278	200.868	199.768	600.952	237.058	184.241	694.721	8	203	153	12	201	205	151	155	9	15	228	10.9116	2.70295	0.61319	1	1	-1
20220.7	20757	4202.28	28.499	201.043	1774.95	88.5269	88.5269	359.747	200.4	199.251	599.173	220.71	157.009	602.276	7	203	209	22	201	205	207	211	19	25	230	9.63042	2.55088	0.578691	1	1	-1
20254.9	21429.2	2968.64	26.7128	200.098	1599.63	104.025	104.025	383.204	200.945	200.319	602.69	254.874	229.215	768.639	8	203	215	15	201	205	213	217	12	18	232	8.64213	2.60481	0.590926	1	1	-1
20318.8	6180.79	3093.22	32.1022	200.467	1421.75	91.8286	91.8286	346.485	200.537	199.782	601.213	218.786	180.792	693.223	7	204	63	16	202	206	61	65	13	19	238	12.1153	2.80692	0.636777	1	1	-1
20415.2	6962.73	3364.61	24.9796	200.289	1547.9	103.128	103.128	403.352	200.274	199.461	599.682	215.217	162.73	564.607	7	205	71	18	203	207	69	73	15	21	225	8.65435	2.37503	0.538798	1	1	-1
20617	12933	1948.42	31.4232	200.985	1201.11	85.6836	85.6836	342.888	200.288	200.559	599.469	216.956	232.979	548.421	7	207	130	11	205	209	128	132	8	14	229	11.4172	2.57117	0.583296	1	1	-1
20858	3007.6	3048.89	31.1194	200.837	1546.66	89.9937	89.9937	338.963	199.315	200.226	600.464	158.036	207.597	648.888	7	210	31	16	208	212	29	33	13	19	231	10.5896	2.6385	0.598571	1	1	-1
20893.1	18031.9	1968.69	28.3716	200.268	1529.59	95.3066	95.3066	379.677	199.715	200.582	599.855	193.114	231.942	568.694	6	210	181	11	208	212	179	183	8	14	227	10.899	2.56057	0.580891	1	1	-1
21009.5	1798	4916.13	30.3132	199.715	1504.57	101.478	101.478	358.608	200.313	199.877	598.736	209.483	198	516.134	7	211	19	26	209	213	17	21	23	29	239	12.0296	2.72531	0.618263	1	1	-1
20975.7	20067.3	2748.19	28.9819	201.242	1355.95	82.3729	82.3729	393.753	199.779	199.578	601.678	175.713	167.255	748.192	8	211	202	14	209	213	200	204	11	17	228	9.8237	2.65301	0.601863	1	1	-1
20964.5	24327.6	1434.12	26.7761	199.877	1537.53	103.354	103.354	407.2	199.254	200.489	600.497	164.455	227.576	634.125	6	211	244	8	209	213	242	246	5	11	228	9.75655	2.54938	0.578352	1	1	-1
21057.2	994.358	1452.36	21.4024	199.727	1322.21	104.305	104.305	461.502	199.175	199.944	598.457	157.19	194.358	452.363	7	212	11	9	210	214	9	13	6	12	220	7.36116	2.16315	0.490733	1	1	-1
21254.3	20483.7	2943.82	25.1353	199.921	1234.94	108.022	108.022	430.085	199.115	199.704	599.084	154.314	183.697	543.816	6	214	206	16	212	216	204	208	13	19	225	8.95916	2.47074	0.560513	1	1	-1
21291.2	25076.1	3897.1	31.2153	199.976	1692.95	95.4046	95.4046	384.078	199.774	199.547	597.814	191.173	176.15	497.098	7	214	252	21	212	216	250	254	18	24	234	11.9283	2.87053	0.651208	1	1	-1
21583.1	11981.2	4239.03	26.4603	199.849	1222.09	94.825	94.825	416.561	199.585	199.849	600.914	183.089	181.15	639.029	6	217	121	22	215	219	119	123	19	25	222	9.88329	2.54934	0.578343	1	1	-1
21606.1	15451.9	1787.75	27.7958	199.396	1297.44	103.765	103.765	423.477	200.201	201.169	599.978	206.113	251.869	587.751	7	217	155	10	215	219	153	157	7	13	227	9.3442	2.78418	0.631619	1	1	-1
21670.6	1955.01	3676.6	25.9588	200.215	1361.82	99.8317	99.8317	375.747	199.572	199.191	598.455	170.643	155.005	476.604	8	218	21	20	216	220	19	23	17	23	221	8.29372	2.37666	0.539168	1	1	-1
21734.7	2311.19	1921.66	27.8644	199.724	1486.68	99.0562	99.0562	384.265	200.488	199.994	602.118	234.737	211.194	721.659	8	218	24	10	216	220	22	26	7	13	224	10.126	2.62677	0.595909	1	1	-1
21885.4	1384.01	4885.17	28.5151	200.062	1461.76	96.6959	96.6959	382.007	199.801	199.65	601.589	185.423	184.012	685.166	6	220	15	25	218	222	13	17	22	28	230	11.4012	2.58111	0.58555	1	1	-1
21896.5	18175.5	2268.05	26.9295	200.029	1259.08	99.9815	99.9815	384.455	199.975	199.692	600.565	196.485	175.494	668.054	7	220	183	12	218	222	181	185	9	15	226	9.84844	2.47844	0.562258	1	1	-1
21896.6	25035.3	3922.48	30.6985	200.444	1188.19	91.2598	91.2598	365.201	199.785	200.75	599.105	196.595	235.289	522.485	6	220	251	21	218	222	249	253	18	24	227	11.0037	2.66362	0.604269	1	1	-1
21956.2	8908.09	3224.2	25.2545	200.032	1375.66	99.4078	99.4078	418.307	199.219	200.148	597.911	156.155	208.086	424.201	7	221	90	18	219	223	88	92	15	21	224	8.95284	2.34689	0.532415	1	1	-1
21998.1	22124.9	4755.33	29.8833	201.209	1474.31	87.8655	87.8655	347.653	199.936	200.631	599.704	198.07	224.911	555.329	7	221	222	25	219	223	220	224	22	28	232	11.1618	2.50019	0.567193	1	1	-1
22150.9	15154.1	2344.2	26.107	198.956	4327.96	136.774	136.774	603.618	201.431	198.817	602.14	250.87	154.117	744.202	11	222	153	12	220	224	151	155	9	15	234	11.5584	3.44753	0.782107	1	1	-1
22090.7	19604.5	4833.53	25.4097	200.084	1602.82	99.2546	99.2546	413.051	200.062	199.916	600.795	190.745	204.459	633.531	7	222	197	25	220	224	195	199	22	28	224	10.701	2.48979	0.564833	1	1	-1
22159.6	13640.3	3530.51	23.574	199.698	1185.19	109.164	109.164	443.386	199.164	200.786	601.527	159.639	240.287	730.513	8	223	137	18	221	225	135	139	15	21	222	8.37428	2.41765	0.548469	1	1	-1
22336.9	13135.9	967.168	29.1442	199.81	1510.8	102.332	102.332	343.711	200.857	200.748	602.728	236.929	235.86	767.168	8	224	132	5	222	226	130	134	2	8	230	9.60611	2.64843	0.600822	1	1	-1
22394.5	10443.8	1195.37	32.2923	200.516	1309.1	88.7418	88.7418	374.354	200.028	200.715	599.76	194.466	243.807	595.368	7	225	105	7	223	227	103	107	4	10	229	11.0563	2.78024	0.630726	1	1	-1
22361.9	18353	3470.53	29.1768	199.509	1413.75	106.081	106.081	394.249	199.156	199.017	601.346	161.895	153.006	670.526	8	225	185	18	223	227	183	187	15	21	224	9.48721	2.84051	0.644398	1	1	-1
22526.1	20147	1620.23	29.9511	200.381	1389	98.6041	98.6041	332.332	200.391	198.932	600.57	226.094	146.965	620.227	9	226	203	9	224	228	201	205	6	12	233	10.157	2.55177	0.578894	1	1	-1
22585.8	2462.69	1665.99	36.2046	201.118	1518.91	80.1144	80.1144	321.478	199.866	199.379	601.046	185.844	162.686	665.986	7	227	26	9	225	229	24	28	6	12	235	11.7413	2.73902	0.621375	1	1	-1
22641.2	4500.79	4610.28	27.0424	199.842	1224.87	98.0869	98.0869	435.244	200.713	199.952	599.821	241.222	200.791	610.282	6	227	46	24	225	229	44	48	21	27	221	9.32334	2.66423	0.604407	1	1	-1
22587.1	23543.6	2426.15	27.037	200.111	1211.24	101.32	101.32	373.213	199.787	200.931	600.33	187.136	243.587	626.153	6	227	236	13	225	229	234	238	10	16	228	9.94204	2.47257	0.560928	1	1	-1
22633	25072.9	1372.26	29.7863	200.457	1685.18	94.2287	94.2287	354.274	200.847	199.527	599.474	232.956	172.909	572.26	7	227	252	8	225	229	250	254	5	11	240	10.7681	2.56018	0.580802	1	1	-1
22665.1	12395.4	4206.52	26.0086	199.273	1294.2	107.001	107.001	435.077	199.298	199.843	600.028	165.145	195.437	606.516	6	228	125	22	226	230	123	127	19	25	226	9.69682	2.62969	0.596572	1	1	-1
22786	6354.54	1585.38	30.703	200.437	1541.42	93.2519	93.2519	371.855	199.737	201.112	599.86	185.972	254.539	585.377	6	229	64	9	227	231	62	66	6	12	231	10.6144	2.70055	0.612647	1	1	-1
22819.1	18984.3	1291	27.3224	200.678	1301.78	88.8138	88.8138	415.287	200.327	199.569	601.46	219.07	184.285	690.996	8	229	191	7	227	231	189	193	4	10	227	10.7022	2.52555	0.572946	1	1	-1
22891.3	1250.9	1760.46	29.4602	200.093	1598.82	98.3106	98.3106	367.349	199.871	201.012	599.715	191.253	250.896	560.463	7	230	13	10	228	232	11	15	7	13	227	10.1907	2.76815	0.627982	1	1	-1
23096.3	15963.3	1931.5	29.017	200.179	1549.45	98.1793	98.1793	331.997	199.992	201.285	598.969	196.293	263.267	531.504	8	232	160	11	230	234	158	162	8	14	233	9.67932	2.48351	0.563408	1	1	-1
23453.4	4845.76	1057.49	29.7025	200.253	1345.92	95.7931	95.7931	394.001	199.061	200.914	600.989	153.361	245.761	657.494	7	236	49	6	234	238	47	51	3	9	230	9.65698	2.71144	0.615116	1	1	-1
23581.6	14862.5	4633	24.9678	199.24	1580.83	107.749	107.749	468.497	199.687	199.225	600.173	181.566	162.53	632.998	6	237	150	24	235	239	148	152	21	27	223	8.71826	2.63385	0.597515	1	1	-1
23638.3	15451.9	4617.37	24.9247	199.569	1189.1	100.278	100.278	444.032	200.76	199.201	599.86	238.308	151.917	617.368	7	237	156	24	235	239	154	158	21	27	221	8.21232	2.48987	0.564852	1	1	-1
23644.8	20830.7	1372.66	27.7364	200.272	1236.16	92.624	92.624	406.353	200.932	200.56	599.737	244.842	230.673	572.663	7	237	209	8	235	239	207	211	5	11	224	9.49384	2.59213	0.58805	1	1	-1
23682.9	6382.57	4618.68	32.6968	200.316	1097.73	96.9998	96.9998	348.039	199.621	199.598	600.541	182.939	182.571	618.684	6	238	65	24	236	240	63	67	21	27	235	12.4768	2.87988	0.653329	1	1	-1
23730.7	11408.9	1644.91	22.9589	200.007	1318.72	110.291	110.291	431.525	200.592	200.103	601.072	230.683	208.856	644.913	7	238	115	9	236	240	113	117	6	12	225	8.13484	2.26667	0.514217	1	1	-1
23729.4	17758.5	1450.14	28.1571	200.474	1632.49	91.6971	91.6971	418.869	200.397	199.301	600.609	229.383	158.453	650.144	7	238	179	8	236	240	177	181	5	11	224	9.20153	2.65261	0.601771	1	1	-1
23667.2	20222	4836.05	26.3251	199.821	1150.2	101.519	101.519	378.127	199.47	200.406	597.315	167.163	222.002	436.047	8	238	203	26	236	240	201	205	23	29	225	9.43092	2.45508	0.55696	1	1	-1
23774.2	10991.9	3357.35	27.0113	199.941	1871.26	99.1208	99.1208	396.856	199.65	199.762	599.659	174.165	191.905	557.345	6	239	111	18	237	241	109	113	15	21	228	10.0586	2.5323	0.574478	1	1	-1
23757.1	25202.6	2260.31	30.3913	200.402	1740.36	96.7016	96.7016	338.691	199.206	200.017	600.587	157.07	202.611	660.309	7	239	253	12	237	241	251	255	9	15	232	10.387	2.58496	0.586424	1	1	-1
23953.6	2844.48	3317.64	26.685	199.704	1091.11	105.038	105.038	401.472	201.172	200.932	598.629	253.56	244.482	517.638	7	240	29	18	238	242	27	31	15	21	223	9.11178	2.56681	0.582306	1	1	-1
23858.5	14259.9	4588.12	26.6457	199.781	1015.59	99.8714	99.8714	455.859	199.3	199.18	597.565	158.496	159.89	388.118	7	240	144	25	238	242	142	146	22	28	226	8.9532	2.60857	0.591779	1	1	-1
23984.4	18745	2075.2	29.8307	199.903	1164.89	96.0175	96.0175	375.086	199.684	200.77	601.053	184.375	244.987	675.197	6	241	188	11	239	243	186	190	8	14	227	10.2002	2.68366	0.608816	1	1	-1
24111.1	9401.68	3837.43	28.5853	199.985	1341.73	101.03	101.03	376.539	200.246	200.14	600.447	211.127	201.679	637.429	5	242	95	20	240	244	93	97	17	23	229	11.2947	2.63664	0.598148	1	1	-1
24060.6	22843.3	2312.67	32.0624	200.679	1608.33	91.5119	91.5119	333.738	199.234	199.005	601.688	160.583	143.258	712.672	8	242	230	12	240	244	228	232	9	15	233	10.3232	2.81011	0.637502	1	1	-1
24085.8	23318.1	1237.35	27.4057	200.234	1462.38	94.2507	94.2507	422.604	199.734	200.215	600.112	185.788	218.085	637.354	6	242	234	7	240	244	232	236	4	10	228	10.5192	2.6449	0.600021	1	1	-1
24222.7	15021.7	3307.7	30.1682	199.984	1885.42	96.8293	96.8293	364.845	200.288	200.369	598.416	222.655	221.723	507.705	7	243	151	18	241	245	149	153	15	21	233	10.6832	2.70046	0.612625	1	1	-1
24293.2	17827.9	2248.24	28.8896	199.964	1168.87	99.2275	99.2275	410.324	199.961	200.704	597.524	193.235	227.852	448.239	8	244	179	13	242	246	177	181	10	16	230	11.0036	2.65584	0.602504	1	1	-1
24447.7	6839.08	2691.41	32.3391	200.522	1011.27	88.5263	88.5263	375.865	200.718	200.962	598.675	247.677	239.076	491.407	7	245	69	15	243	247	67	71	12	18	227	10.1305	2.77623	0.629815	1	1	-1
24743.1	2269.83	1152.17	31.7	200.329	1547.38	93.526	93.526	348.997	200.971	199.298	602.529	243.103	169.832	752.171	8	248	24	6	246	250	22	26	3	9	230	10.7243	2.67166	0.606093	1	1	-1
24688.5	22929.4	2009.83	31.505	200.989	1176.46	95.4594	95.4594	296.446	199.701	200.581	600.089	188.522	229.393	609.827	6	248	230	11	246	250	228	232	8	14	229	11.4086	2.5083	0.569033	1	1	-1
24769.3	4759.68	3410.19	20.5435	199.773	2040.09	127.562	127.562	463.58	199.755	201.381	596.759	169.269	259.676	410.187	13	249	48	19	247	251	46	50	16	22	223	7.89979	2.31209	0.524521	1	1	-1
24860.3	22484.5	3434.17	26.5808	199.54	1145.44	104.705	104.705	397.953	199.135	199.731	600.7	160.302	184.467	634.169	7	250	226	18	248	252	224	228	15	21	224	9.91849	2.56398	0.581665	1	1	-1
25115.2	4827.4	3188.11	26.2421	201.163	1654.98	102.147	102.147	350.056	199.989	200.379	599.649	215.242	227.404	588.109	8	252	49	17	250	254	47	51	14	20	228	9.41671	2.50142	0.567472	1	1	-1
25113.7	17441.5	2146.68	27.1906	200.108	1216.7	95.909	95.909	395.308	200.378	198.947	599.278	213.721	141.472	546.678	7	252	176	12	250	254	174	178	9	15	226	9.6314	2.52882	0.573687	1	1	-1
25151.6	8821.1	2745.2	23.9317	200.052	1286.77	106.396	106.396	403.327	199.097	200.512	599.284	151.595	221.101	545.204	7	253	89	15	251	255	87	91	12	18	222	8.27917	2.34722	0.53249	1	1	-1
SPOTS_END
