FISH-QUANT	v3a
File-version	3D_v1
RESULTS OF SPOT DETECTION PERFORMED ON 24-Sep-2021 
COMMENT	
IMG_Raw	Poiss_300spots_bg_200_2_I_300_0_img2.tif
IMG_Filtered	
IMG_DAPI	
IMG_TS_label	
FILE_settings	Poiss_300spots_bg_200_2_I_300_0_img2__settings_MATURE.txt
PARAMETERS
Pix-XY	Pix-Z	RI	Ex	Em	NA	Type
100	200	1.33	547	583	1.4	widefield
CELL_START	EntireImage
X_POS	1	1	256	256	
Y_POS	1	256	256	1	
Z_POS	
CELL_END
SPOTS_START
Pos_Y	Pos_X	Pos_Z	AMP	BGD	RES	SigmaX	SigmaY	SigmaZ	Cent_Y	Cent_X	Cent_Z	MuY	MuX	MuZ	ITERY_det	Y_det	X_det	Z_det	Y_min	Y_max	X_min	X_max	Z_min	Z_max	INT_raw	INT_filt	SC_det	SC_det_norm	TH_det	TH_fit	IN_nuc
327.615	1157.16	1414.03	24.8962	199.202	1269.93	111.73	111.73	417.375	200.577	199.18	600.509	227.615	157.162	614.033	6	4	13	8	2	6	11	15	5	11	219	8.13276	2.47401	0.534346	1	1	-1
336.273	6691	2511.66	26.2816	199.897	1297.08	100.432	100.432	444.913	200.663	199.774	601.56	236.273	191.005	711.655	7	4	68	13	2	6	66	70	10	16	224	9.61208	2.69847	0.582825	1	1	-1
566.489	8307.24	1792.81	23.52	200.269	2226.93	115.645	115.645	405.134	201.42	199.947	596.641	266.489	207.243	392.807	12	6	84	11	4	8	82	86	8	14	228	8.25018	2.27791	0.491991	1	1	-1
530.547	9349.62	1655.27	26.6993	199.936	1437.68	97.6808	97.6808	406.459	200.555	198.897	600.767	230.547	149.619	655.274	7	6	95	9	4	8	93	97	6	12	233	9.1587	2.50701	0.541473	1	1	-1
486.204	20139	2236.25	26.1865	199.915	1387.84	104.381	104.381	402.691	199.62	200.872	600.643	186.204	238.977	636.251	6	6	202	12	4	8	200	204	9	15	222	9.78544	2.522	0.544711	1	1	-1
603.179	6215.61	2445.53	27.5384	199.372	1326.83	105.578	105.578	391.752	200.179	200.319	600.448	203.179	215.614	645.526	6	7	63	13	5	9	61	65	10	16	229	10.7605	2.69075	0.581158	1	1	-1
648.746	10346.4	1424.66	24.9569	199.944	1316.66	104.951	104.951	381.222	200.742	200.79	600.37	248.746	246.412	624.659	7	7	104	8	5	9	102	106	5	11	224	8.07868	2.34939	0.507429	1	1	-1
623.841	22082.8	1539.91	26.1675	200.05	1358.49	96.2485	96.2485	434.325	200.554	199.703	599.647	223.841	182.765	539.915	8	7	222	9	5	9	220	224	6	12	226	10.0184	2.50867	0.541832	1	1	-1
745.674	3500.42	2679.15	22.2401	199.772	1254.16	107.928	107.928	457.223	200.915	200.07	600.666	245.674	200.421	679.151	7	8	36	14	6	10	34	38	11	17	221	8.02325	2.27446	0.491247	1	1	-1
677.684	15617.2	4592.08	26.4873	199.415	1644.54	106.679	106.679	428.205	199.175	200.464	599.938	177.684	217.172	592.081	7	8	157	24	6	10	155	159	21	27	227	11.0588	2.73826	0.591418	1	1	-1
670.057	16008.7	4590.66	22.8068	200.006	1292.14	107.312	107.312	412.295	199.378	199.986	602.307	170.057	208.719	790.657	8	8	161	23	6	10	159	163	20	26	221	8.63088	2.37294	0.512517	1	1	-1
765.174	8142.49	1544.67	20.1806	199.518	2607.96	132.296	132.296	533.865	199.143	201.105	602.087	165.174	242.488	744.673	16	9	82	8	7	11	80	84	5	11	221	8.69679	2.41369	0.521316	1	1	-1
786.86	10465.4	4587.79	21.7117	199.434	1368.91	109.549	109.549	509.611	199.737	199.227	599.642	186.86	165.428	587.789	6	9	106	24	7	11	104	108	21	27	222	8.46947	2.37464	0.512883	1	1	-1
982.158	20662.1	1435.05	24.5411	199.74	1567.95	105.49	105.49	420.638	199.516	199.227	598.186	182.158	162.081	435.047	7	11	208	9	9	13	206	210	6	12	227	8.91432	2.41099	0.520734	1	1	-1
1156.15	3162.23	4834.07	27.2366	200.295	1504.25	93.2861	93.2861	407.911	199.068	199.314	600.218	156.148	162.229	634.071	6	13	33	25	11	15	31	35	22	28	227	9.35421	2.52141	0.544582	1	1	-1
1216.04	5304.21	4134.9	23.629	199.769	1444.08	104.065	104.065	458.73	200.355	199.894	599.681	216.038	204.21	534.902	6	13	54	22	11	15	52	56	19	25	224	8.93287	2.36508	0.510819	1	1	-1
1339.03	8866.9	3075.41	27.7064	199.297	1239.53	108.554	108.554	407.303	200.836	199.245	597.735	239.026	166.903	475.413	8	14	90	17	12	16	88	92	14	20	226	9.3432	2.71451	0.586288	1	1	-1
1274.5	13724.7	4697.69	28.3612	202.639	2729.94	86.9313	86.9313	292.652	199.981	199.566	600.056	174.496	224.67	697.693	10	14	138	24	12	16	136	140	21	27	228	8.98898	2.4801	0.53566	1	1	-1
1262.95	24831.1	4839.27	27.2203	199.507	1347.67	105.469	105.469	388.558	199.373	200.809	601.226	162.951	231.095	639.274	6	14	249	25	12	16	247	251	22	28	226	9.79127	2.62404	0.56675	1	1	-1
1408.01	13440.4	4077.23	21.8667	199.545	1541.65	118.033	118.033	463.611	200.059	200.95	601.475	208.011	240.398	677.233	8	15	135	21	13	17	133	137	18	24	222	8.5828	2.29425	0.495521	1	1	-1
1644.2	12619.8	3782.91	28.2512	199.476	1426.08	105.023	105.023	398.486	201.012	200.313	599.86	244.197	219.753	582.913	6	17	127	20	15	19	125	129	17	23	224	10.0971	2.69441	0.581947	1	1	-1
1639.38	23536.2	4558.34	29.8419	200.124	1170.31	98.5334	98.5334	354.68	200.822	200.584	598.814	239.383	236.236	558.344	6	17	236	24	15	19	234	238	21	27	231	10.1975	2.70767	0.584813	1	1	-1
1746.38	7031.9	4411.02	23.2662	199.676	1464.08	115.79	115.79	396.744	200.911	200.556	600.397	246.377	231.902	611.023	6	18	71	23	16	20	69	73	20	26	221	7.84804	2.2011	0.475402	1	1	-1
1708.35	14340.6	1440.42	27.2062	199.711	1408.89	102.264	102.264	387.401	200.182	200.599	597.11	208.346	240.553	440.42	8	18	144	9	16	20	142	146	6	12	228	9.76424	2.53174	0.546813	1	1	-1
1783.45	3695.07	2096.77	29.3221	199.584	1260.04	103.486	103.486	382.686	199.637	199.958	601.359	183.451	195.065	696.768	6	19	38	11	17	21	36	40	8	14	227	10.9585	2.75248	0.59449	1	1	-1
1805.92	18632.2	3520.79	27.2915	199.651	1392.23	103.323	103.323	375.194	200.098	200.787	601.608	205.921	232.19	720.793	7	19	187	18	17	21	185	189	15	21	227	10.027	2.5465	0.550002	1	1	-1
1921.12	7769.33	4387.44	27.5553	199.095	1546.46	116.453	116.453	403.481	200.396	199.253	600.05	221.117	169.332	587.441	5	20	79	23	18	22	77	81	20	26	233	10.3538	2.63013	0.568064	1	1	-1
1985.4	4687.81	3250.84	30.137	200.631	1506.77	92.4629	92.4629	398.365	199.679	199.794	601.094	185.398	187.806	650.836	6	21	48	17	19	23	46	50	14	20	230	12.3091	2.76956	0.598179	1	1	-1
2299.99	2273.65	4499.2	25.4774	199.364	1499.79	114.45	114.45	397.147	199.927	199.497	601.425	199.992	173.653	699.202	7	24	24	23	22	26	22	26	20	26	222	9.3114	2.46473	0.532341	1	1	-1
2403.61	9970.58	1649.59	26.155	199.521	1582.43	105.483	105.483	400.868	200.204	199.608	600.308	203.611	170.58	649.589	6	25	101	9	23	27	99	103	6	12	224	9.50295	2.52358	0.545051	1	1	-1
2402.8	20986.4	3682.33	33.5992	200.136	1686.96	92.6791	92.6791	363.665	200.14	199.737	601.866	202.798	186.373	682.332	7	25	211	19	23	27	209	213	16	22	232	12.8262	2.94706	0.636517	1	1	-1
2514.02	15314.5	3889.64	32.6245	200.864	1434.36	83.885	83.885	404.946	200.117	200.346	601.586	214.023	214.483	689.639	6	26	154	20	24	28	152	156	17	23	232	12.4816	2.83346	0.61198	1	1	-1
2663.55	11184	2197.3	25.2833	199.811	1392.02	109.273	109.273	382.869	199.332	199.477	599.497	163.551	183.968	597.301	7	28	113	12	26	30	111	115	9	15	225	9.41132	2.38092	0.51424	1	1	-1
2760.61	4153.05	2390.71	28.4587	200.684	1406.53	93.5328	93.5328	358.559	199.301	201.012	599.346	160.613	253.053	590.706	7	29	42	13	27	31	40	44	10	16	228	9.76589	2.50999	0.542117	1	1	-1
2898.33	10048.7	2830	29.3814	200.445	1322.13	91.0133	91.0133	386.256	200.006	200.979	600.19	198.328	248.661	629.997	7	30	101	15	28	32	99	103	12	18	230	10.782	2.68705	0.580357	1	1	-1
3105.25	5260.55	2955.5	28.3788	200.557	1041.51	93.6053	93.6053	392.081	200.109	199.234	599.659	205.251	160.55	555.502	6	32	54	16	30	34	52	56	13	19	226	10.3097	2.55077	0.550924	1	1	-1
3064.22	8293.36	2993.22	27.5459	199.565	1336.16	103.384	103.384	428.244	199.273	199.911	599.653	164.219	193.358	593.217	6	32	84	16	30	34	82	86	13	19	230	10.6474	2.69332	0.581713	1	1	-1
3107.95	9364.25	3485.76	30.4678	200.72	1206.1	89.6775	89.6775	351.08	200.098	199.516	598.16	207.954	164.249	485.76	9	32	95	19	30	34	93	97	16	22	228	10.1193	2.50767	0.541616	1	1	-1
3239.13	12246.9	3117.2	26.0303	199.326	1228.02	109.048	109.048	422.365	200.742	198.928	601.427	239.135	146.922	717.196	8	33	124	16	31	35	122	126	13	19	224	8.51377	2.58904	0.55919	1	1	-1
3624.8	17196.7	3661.43	28.0966	200.798	1298.68	89.9452	89.9452	349.182	200.227	199.846	600.537	224.804	196.719	661.432	7	37	173	19	35	39	171	175	16	22	227	9.97453	2.36308	0.510385	1	1	-1
3669.63	13377.8	1936.61	26.2092	199.906	1239.87	102.466	102.466	400.66	199.343	199.62	599.049	169.634	177.794	536.608	7	38	135	11	36	40	133	137	8	14	227	9.54658	2.43339	0.525573	1	1	-1
3861.71	3221.67	3828.44	25.6944	200.359	1315.65	98.5497	98.5497	372.373	199.401	200.123	600.806	161.705	221.67	628.444	7	40	33	20	38	42	31	35	17	23	224	9.42509	2.37354	0.512644	1	1	-1
3904.31	6487.57	2529.43	32.7979	199.823	1511.52	95.4533	95.4533	369.428	200.006	199.799	598.736	204.308	187.571	529.434	6	40	66	14	38	42	64	68	11	17	229	12.3536	3.0049	0.649009	1	1	-1
4010.79	21591	2559.13	24.7558	200.676	1749.77	93.1145	93.1145	425.487	200.316	199.667	602.317	210.794	191	759.126	11	41	217	13	39	43	215	219	10	16	225	9.45977	2.27044	0.490377	1	1	-1
4167.22	16423	2815.96	28.4281	199.331	1487.49	102.809	102.809	426.334	199.259	200.442	599.743	167.218	223.026	615.962	7	43	165	15	41	45	163	167	12	18	222	10.0965	2.79971	0.604692	1	1	-1
4323.84	17548.5	2634.54	23.5211	199.392	1318.67	108.095	108.095	424.863	200.524	198.946	600.785	223.844	148.509	634.544	7	44	177	14	42	46	175	179	11	17	226	8.53209	2.36155	0.510056	1	1	-1
4483.09	14958.1	2192.9	24.5847	199.883	1224.5	104.664	104.664	413.403	199.874	199.158	599.284	183.087	158.073	592.895	6	46	151	12	44	48	149	153	9	15	222	9.09058	2.32182	0.501476	1	1	-1
4624.16	1571.89	4522.9	27.9364	200.236	1319.89	91.7962	91.7962	409.6	200.274	199.373	599.373	224.162	171.887	522.897	7	47	17	24	45	49	15	19	21	27	223	10.3042	2.59858	0.561251	1	1	-1
4595.16	7666.66	3187.86	27.4151	199.41	1209.71	102.152	102.152	380.335	199.877	199.417	600.14	195.156	166.656	587.861	5	47	78	17	45	49	76	80	14	20	224	9.88068	2.56494	0.553984	1	1	-1
4615.31	10095.9	4211.15	33.0923	200.196	1313.77	91.3565	91.3565	335.714	200.42	199.829	600.202	215.309	195.884	611.154	5	47	102	22	45	49	100	104	19	25	236	12.6829	2.77144	0.598586	1	1	-1
4657.43	24567.5	2390.81	22.0302	199.705	1419	108.815	108.815	483.402	201.048	201.191	597.848	257.432	267.519	390.806	8	47	246	14	45	49	244	248	11	17	222	7.52197	2.28045	0.49254	1	1	-1
4910.4	17562.5	2417.23	29.3647	199.952	1145.25	98.6147	98.6147	375.902	200.101	199.108	600.067	210.405	162.482	617.227	7	50	177	13	48	52	175	179	10	16	229	10.8583	2.6895	0.580889	1	1	-1
5141.42	1610.26	989.197	26.9843	200.012	1632.35	100.595	100.595	373.825	200.666	200.392	599.882	241.424	210.262	589.197	6	52	17	6	50	54	15	19	3	9	224	9.98055	2.47381	0.534302	1	1	-1
5154.62	14578.7	3051.53	26.8003	199.972	1164.46	100.087	100.087	435.679	201.076	199.634	600.503	254.621	178.675	651.527	7	52	147	16	50	54	145	149	13	19	230	9.58937	2.63153	0.568366	1	1	-1
5180.05	21328.9	1856.45	27.4477	199.572	1349.65	102.7	102.7	413.203	199.606	200.52	600.694	180.047	228.902	656.445	6	53	214	10	51	55	212	216	7	13	224	9.84886	2.62491	0.566937	1	1	-1
5317.13	5409.57	2822.17	30.8271	200.479	1447.87	93.8168	93.8168	353.607	200.148	200.039	600.112	217.134	209.572	622.167	6	54	55	15	52	56	53	57	12	18	229	11.0601	2.65954	0.574417	1	1	-1
5275.48	15506	1376.04	32.1897	200.384	1362.14	92.9549	92.9549	387.158	199.453	200.028	599.855	175.481	205.998	576.043	6	54	156	8	52	56	154	158	5	11	233	12.2022	2.88008	0.622049	1	1	-1
5402.86	23084.5	2155.86	26.1455	198.916	1101.25	114.128	114.128	454.562	199.994	199.659	602.241	202.864	184.496	755.859	7	55	232	11	53	57	230	234	8	14	224	9.67684	2.60937	0.563581	1	1	-1
5673.13	19369.4	4406.08	31.0982	200.181	1421.95	93.869	93.869	372.545	199.536	199.296	600.263	173.129	169.449	606.085	6	58	195	23	56	60	193	197	20	26	230	11.7551	2.79897	0.604531	1	1	-1
5823.93	17581.1	4438.13	25.4049	200.016	1092.47	106.861	106.861	377.317	200.422	199.544	600.358	223.933	181.119	638.128	7	59	177	23	57	61	175	179	20	26	224	10.3601	2.39074	0.51636	1	1	-1
5886.77	22393.7	3109.27	30.7436	200.3	1437.67	91.8275	91.8275	341.841	199.496	199.838	599.457	186.77	193.677	509.266	7	60	225	17	58	62	223	227	14	20	230	11.913	2.64423	0.57111	1	1	-1
6007.06	20000.8	4693.55	24.048	200.029	1346.06	101.707	101.707	435.36	200.014	199.947	598.679	207.057	200.76	493.55	6	61	201	25	59	63	199	203	22	28	223	9.85984	2.36611	0.511041	1	1	-1
6117.75	7657.36	3406.2	24.8006	200.547	2919.65	115.104	115.104	388.336	200.409	201.374	600.05	217.751	257.361	606.199	11	62	77	18	60	64	75	79	15	21	231	10.7984	2.59378	0.560214	1	1	-1
6148.11	7865.66	3768.6	29.6128	200.103	2294.34	106.727	106.727	400.371	201.109	199.067	596.01	248.114	165.66	368.605	10	62	80	21	60	64	78	82	18	24	226	10.2585	2.8699	0.61985	1	1	-1
6239.79	23669.7	3810.85	27.5725	201.074	1697.88	94.7482	94.7482	346.313	200.919	199.721	599.872	239.785	169.653	610.85	8	63	238	20	61	65	236	240	17	23	228	9.12234	2.47412	0.534369	1	1	-1
6322.05	6853.66	4722.42	23.5743	199.895	1429.69	108.485	108.485	409.244	200.249	199.136	598.377	222.05	153.665	522.423	7	64	70	25	62	66	68	72	22	28	223	8.52568	2.35949	0.50961	1	1	-1
6300.91	12869.2	2899.2	30.8782	200.324	1722.39	95.1906	95.1906	360.566	199.866	199.528	601.347	200.907	169.237	699.201	7	64	130	15	62	66	128	132	12	18	226	11.5742	2.74053	0.591909	1	1	-1
6442.68	15787.9	2678.81	32.575	199.906	1356.84	95.7121	95.7121	375.66	200.827	199.816	601.375	242.681	187.857	678.808	7	65	159	14	63	67	157	161	11	17	233	11.9823	3.0163	0.65147	1	1	-1
6495.57	24040.9	4000.03	30.4152	201.791	1493.76	86.1844	86.1844	322.195	199.649	200.301	599.777	195.57	240.878	600.029	7	66	241	21	64	68	239	243	18	24	229	9.84782	2.57644	0.556468	1	1	-1
6595.63	2390.46	4130.21	28.5207	199.492	1390.54	104.635	104.635	388.778	199.958	199.813	598.753	195.627	190.456	530.21	6	67	25	22	65	69	23	27	19	25	228	11.0848	2.65615	0.573684	1	1	-1
6622.92	6732.05	2101.44	24.8063	200.063	1487.1	104.298	104.298	400.487	200.352	200.571	601.359	222.922	232.048	701.436	7	67	68	11	65	69	66	70	8	14	225	8.95585	2.36834	0.511522	1	1	-1
6593.38	22191.5	3939.71	27.8486	200.752	1525.32	91.3126	91.3126	399.643	199.944	200.02	599.542	193.382	191.521	539.714	6	67	223	21	65	69	221	225	18	24	234	11.2064	2.56042	0.553009	1	1	-1
6647.19	15053.6	1870.21	21.8362	199.921	2538.42	138.777	138.777	386.105	199.028	200.839	604.452	147.192	253.559	870.206	10	68	151	9	66	70	149	153	6	12	224	7.83205	2.26541	0.489292	1	1	-1
6655.3	15259.7	2024.84	28.1485	199.08	1947.1	130.8	130.8	366.103	198.876	199.04	596.238	155.303	159.671	424.836	9	68	154	12	66	70	152	156	9	15	226	9.84265	2.6748	0.577714	1	1	-1
6842.13	9031.52	3950.5	22.3912	199.788	1508.07	110.362	110.362	370.114	200.606	200.499	599.019	242.133	231.518	550.503	6	69	91	21	67	71	89	93	18	24	224	8.13717	2.08896	0.451182	1	1	-1
6846.35	13331.2	3871.37	28.4584	199.665	1423.83	105.043	105.043	395.199	200.981	200.562	601.19	246.351	231.156	671.367	6	69	134	20	67	71	132	136	17	23	223	9.05114	2.67768	0.578335	1	1	-1
6766.55	14696.1	3438.51	31.0273	201.12	1328.61	87.5371	87.5371	367.068	199.389	199.967	599.754	166.549	196.08	638.508	6	69	148	18	67	71	146	150	15	21	226	11.0989	2.91872	0.630394	1	1	-1
6897.89	12083	4095.18	25.6736	200.104	1666.85	102.257	102.257	415.543	199.894	199.642	598.508	197.889	183.005	495.179	7	70	122	22	68	72	120	124	19	25	229	10.2383	2.54036	0.548676	1	1	-1
6881.08	24619.4	4683.21	27.5301	200.099	1363.7	96.464	96.464	376.505	199.622	200.311	598.207	181.076	219.385	483.214	7	70	247	25	68	72	245	249	22	28	224	10.4404	2.53657	0.547857	1	1	-1
6877.31	24699.7	2952.58	31.4628	200.434	1239.13	94.8122	94.8122	374.855	199.417	199.872	599.42	177.306	199.741	552.577	6	70	248	16	68	72	246	250	13	19	230	11.9991	2.7597	0.596049	1	1	-1
6977.29	17020.6	1903.74	30.7206	200.37	1471.76	88.5877	88.5877	343.403	199.781	200.65	601.766	177.29	220.621	703.744	8	71	171	10	69	73	169	173	7	13	231	11.2762	2.57488	0.556132	1	1	-1
6967.1	19817.6	4881.01	26.2597	200.692	1428.79	99.3457	99.3457	371.238	199.436	200.282	598.157	167.1	217.609	481.01	8	71	199	26	69	73	197	201	23	29	225	10.0539	2.33123	0.503508	1	1	-1
7208.45	383.436	2744.46	31.1634	200.288	1308.32	92.282	92.282	351.003	200.252	199.605	599.194	208.454	183.436	544.457	6	73	5	15	71	75	3	7	12	18	226	11.8147	2.67005	0.576686	1	1	-1
7172.11	13358.4	4131.89	25.0337	199.852	1500.16	111.108	111.108	390.588	199.355	199.142	599.061	172.114	158.395	531.893	7	73	135	22	71	75	133	137	19	25	225	9.45606	2.41883	0.522427	1	1	-1
7194.62	14887.6	3299.1	27.0798	199.753	1313.98	104.678	104.678	406.196	199.964	199.729	601.716	194.62	187.626	699.101	6	73	150	17	71	75	148	152	14	20	226	10.419	2.72063	0.587611	1	1	-1
7341.35	3831.52	3316.89	24.3063	199.602	1323.55	108.892	108.892	416.101	200.786	200.618	598.998	241.354	231.519	516.887	6	74	39	18	72	76	37	41	15	21	225	8.54387	2.36067	0.509866	1	1	-1
7322.07	19924.4	1038.65	24.8991	200.044	1576.79	101.811	101.811	411.209	200.467	200.207	600.252	222.072	224.446	638.645	7	74	200	6	72	76	198	202	3	9	223	8.77758	2.41871	0.5224	1	1	-1
7395.77	2471.9	1644.33	31.5772	200.504	1231.33	97.4853	97.4853	329.807	199.749	199.492	601.055	195.772	171.896	644.326	7	75	26	9	73	77	24	28	6	12	231	11.4368	2.62714	0.56742	1	1	-1
7432.01	12406.7	4289.79	30.976	199.647	1436.85	96.4542	96.4542	393.328	200.716	200.28	601.589	232.013	206.654	689.787	8	75	125	22	73	77	123	127	19	25	228	11.8607	2.98776	0.645307	1	1	-1
7365.74	14147.6	2489.65	31.0244	200.481	1396.41	94.3744	94.3744	333.244	199.404	199.052	601.253	165.74	147.579	689.648	8	75	143	13	73	77	141	145	10	16	234	9.89653	2.62711	0.567412	1	1	-1
7552.24	18257.9	3445	32.9935	200.465	1265.23	86.4	86.4	347.534	201.011	199.18	600.65	252.243	157.937	645.002	8	76	184	18	74	78	182	186	15	21	226	9.95617	2.70318	0.583841	1	1	-1
7572.36	6777.07	3041.57	24.0544	199.288	1358.3	113.12	113.12	463.075	199.371	199.564	600.475	172.357	177.071	641.566	7	77	69	16	75	79	67	71	13	19	225	8.92767	2.43297	0.525481	1	1	-1
7578.54	16588.6	2986.23	27.5128	200.355	1345.48	95.841	95.841	372.884	199.513	199.681	599.743	178.541	188.645	586.228	7	77	167	16	75	79	165	169	13	19	227	10.8328	2.46616	0.53265	1	1	-1
7680.75	22581.4	3207.36	23.218	199.529	1229.72	109.445	109.445	427.26	199.616	199.527	600.123	180.749	181.409	607.357	6	78	227	17	76	80	225	229	14	20	221	8.85716	2.29037	0.494682	1	1	-1
7802.95	6280.57	2848.91	27.6822	199.874	1257.13	102.375	102.375	381.02	199.975	199.799	600.973	202.949	180.565	648.907	6	79	64	15	77	81	62	66	12	18	230	10.2243	2.69584	0.582257	1	1	-1
7883.65	21916.6	4503.18	27.4095	199.915	1296.61	99.6511	99.6511	405.045	199.676	200.386	601.32	183.646	216.566	703.176	6	80	220	23	78	82	218	222	20	26	233	10.4829	2.61304	0.564374	1	1	-1
8308.18	3911.44	3369.78	30.9549	200.495	1037.9	89.1591	89.1591	376.285	200.327	200.453	599.06	208.177	211.436	569.776	7	84	40	18	82	86	38	42	15	21	229	12.2673	2.68129	0.579115	1	1	-1
8415.14	4550.93	1151.71	27.3461	199.835	1436.44	98.9455	98.9455	401.1	200.269	200.921	599.194	215.135	250.932	551.707	7	85	46	7	83	87	44	48	4	10	226	9.29275	2.55136	0.551051	1	1	-1
8515.46	2566.17	4258.03	28.0938	200.593	1188.24	90.9046	90.9046	382.924	200.327	199.289	598.382	215.464	166.169	458.033	8	86	27	23	84	88	25	29	20	26	231	9.85976	2.45995	0.531309	1	1	-1
8471.87	5517.74	1896.88	25.2728	199.175	1356.81	109.177	109.177	397.06	199.526	200.51	598.217	171.866	217.737	496.876	8	86	56	11	84	88	54	58	8	14	222	9.14875	2.39895	0.518133	1	1	-1
8523.19	15849.1	2494.06	24.7924	200.232	1445.02	98.9165	98.9165	420.499	200.28	199.152	598.242	223.19	149.113	494.065	8	86	160	14	84	88	158	162	11	17	224	7.98365	2.27944	0.492321	1	1	-1
8502.54	18874.9	1326.26	24.7431	199.853	1141.65	103.836	103.836	415.689	200.151	199.412	598.948	202.542	174.912	526.265	6	86	190	8	84	88	188	192	5	11	224	9.83932	2.41735	0.522107	1	1	-1
8935.08	644.928	1389.08	28.8963	199.599	1386.65	100.775	100.775	424.718	200.936	198.832	600.403	235.08	144.928	589.079	7	90	8	8	88	92	6	10	5	11	226	9.76525	2.82998	0.611228	1	1	-1
9134.98	5641.55	2684.8	28.8784	200.02	1204	97.9413	97.9413	359.438	200.753	200.75	597.878	234.975	241.553	484.805	8	92	57	15	90	94	55	59	12	18	232	10.2057	2.61612	0.565039	1	1	-1
9087.17	10050.3	2391.23	22.7574	199.825	1110.63	106.999	106.999	416.031	199.885	199.039	600.196	187.17	150.308	591.227	7	92	102	13	90	94	100	104	10	16	223	8.63338	2.25267	0.486539	1	1	-1
9120.06	20540.5	4713.57	29.2254	199.978	1841.92	95.5	95.5	389.815	200.417	200.647	599.015	220.057	240.479	513.574	7	92	206	25	90	94	204	208	22	28	227	10.3786	2.72352	0.588236	1	1	-1
9203.83	3408.77	4472.57	24.3059	199.929	1077.04	104.156	104.156	430.58	199.969	200.21	600.749	203.831	208.769	672.566	6	93	35	23	91	95	33	37	20	26	224	9.57839	2.3752	0.513003	1	1	-1
9187.34	20045.4	1060.33	25.4531	200.453	1360	100.657	100.657	417.24	199.626	200.888	600.927	187.344	245.381	660.33	6	93	201	6	91	95	199	203	3	9	232	9.20545	2.43932	0.526854	1	1	-1
9666.19	19278.5	2588.05	47.376	200.198	2429.69	103.038	103.038	442.58	198.722	199.171	599.321	166.187	178.51	588.046	6	98	194	14	96	100	192	196	11	17	244	17.3816	4.62998	1	1	1	-1
9770	23720.2	4694.53	25.4261	199.621	1424.67	109.07	109.07	412.447	199.173	200.416	601.017	169.999	220.245	694.529	8	99	238	24	97	101	236	240	21	27	226	9.76099	2.47303	0.534135	1	1	-1
9870.43	475.758	4196.79	23.6092	199.644	1212.48	108.002	108.002	394.681	199.521	199.473	600.09	170.426	175.758	596.793	6	100	6	22	98	102	4	8	19	25	224	9.01977	2.25826	0.487746	1	1	-1
10037.6	1156.8	1497.99	28.0884	200.374	1387.12	93.7452	93.7452	373.221	200.708	199.289	601.758	237.579	156.802	697.987	7	101	13	8	99	103	11	15	5	11	228	9.74115	2.47776	0.535155	1	1	-1
10013.7	7865.47	1129.57	31.7949	199.911	1430.25	94.7398	94.7398	414.321	200.349	199.344	599.084	213.653	165.474	529.572	6	101	80	7	99	103	78	82	4	10	231	12.1711	2.98973	0.645732	1	1	-1
10113.3	6205.06	3698.82	22.9638	199.703	1409.8	111.04	111.04	418.526	200.364	200.115	598.478	213.27	205.06	498.819	9	102	63	20	100	104	61	65	17	23	220	8.71313	2.30132	0.497048	1	1	-1
10152.3	18693.3	2427.53	25.3765	200.349	1118.67	100.041	100.041	348.808	200.941	200.008	600.577	252.294	193.262	627.53	7	102	188	13	100	104	186	190	10	16	227	8.82954	2.24967	0.485892	1	1	-1
10135.4	20713.1	2152.28	28.2553	200.271	1296.03	96.4885	96.4885	408.255	200.696	200.05	602.191	235.418	213.065	752.285	7	102	208	11	100	104	206	210	8	14	226	10.1122	2.62389	0.566716	1	1	-1
10236.6	9859.89	4083.41	27.8355	199.725	1386.26	104.491	104.491	394.831	200.83	199.251	601.051	236.646	159.887	683.412	7	103	100	21	101	105	98	102	18	24	225	9.27951	2.58639	0.558617	1	1	-1
10342.4	1529.34	2724.9	31.5925	200.28	1486.46	91.4594	91.4594	358.981	200.867	200.487	599.054	242.359	229.338	524.898	7	104	16	15	102	106	14	18	12	18	227	10.636	2.67973	0.578777	1	1	-1
10516.9	17811	4989.69	26.5581	199.801	1282.05	102.329	102.329	411.654	200.28	200.109	599.625	216.855	211.045	589.69	6	106	179	26	104	108	177	181	23	29	224	10.2485	2.55557	0.551961	1	1	-1
10595	6761.4	4038.85	25.8263	199.839	1201.79	103.854	103.854	425.995	199.846	199.22	600.883	194.983	161.4	638.849	6	107	69	21	105	109	67	71	18	24	223	9.4294	2.56384	0.553748	1	1	-1
10596.8	20917.9	2010.07	28.9142	200.359	1172.4	96.1497	96.1497	366.137	199.871	200.179	599.838	196.759	217.884	610.073	5	107	210	11	105	109	208	212	8	14	227	11.4106	2.6232	0.566568	1	1	-1
10724.5	16126.8	3833.93	26.2971	199.714	1392.46	101.689	101.689	430.318	200.49	200.537	597.744	224.496	226.773	433.931	8	108	162	21	106	110	160	164	18	24	226	9.69032	2.58597	0.558527	1	1	-1
10704.5	17973.5	3481	23.8335	200.017	1245.37	103.879	103.879	443.52	200.059	199.564	601.163	204.464	173.499	681.003	7	108	181	18	106	110	179	183	15	21	225	8.97618	2.32355	0.501848	1	1	-1
10667.8	23037.8	4277.95	27.5722	199.76	1406.99	96.3059	96.3059	458.387	199.222	200.73	598.746	167.759	237.772	477.949	7	108	231	23	106	110	229	233	20	26	225	9.60341	2.76058	0.596239	1	1	-1
10928.6	5048.41	2160.74	22.3752	198.839	1310.28	122.115	122.115	495.531	200.584	201.037	599.542	228.612	248.408	560.738	6	110	51	12	108	112	49	53	9	15	225	7.4568	2.42151	0.523006	1	1	-1
10902.4	5913.93	4385.87	30.4309	200.145	1370.44	91.2981	91.2981	352.805	200	200.454	599.204	202.388	213.925	585.871	6	110	60	23	108	112	58	62	20	26	228	11.913	2.60957	0.563625	1	1	-1
10938.4	14598.7	1077.66	26.2438	200.071	1228.46	103.416	103.416	354.914	200.728	199.885	598.449	238.391	198.664	477.661	8	110	147	7	108	112	145	149	4	10	224	9.86267	2.35875	0.509451	1	1	-1
11029.4	2077.77	2562.21	30.2068	200.114	1159.8	93.6238	93.6238	363.739	200.487	199.463	599.53	229.364	177.772	562.21	7	111	22	14	109	113	20	24	11	17	232	10.9909	2.63232	0.568538	1	1	-1
10966.9	9015.96	1320.46	28.0183	199.807	1567.94	98.9615	98.9615	419.6	199.306	200.45	601.723	166.873	215.956	720.462	7	111	91	7	109	113	89	93	4	10	227	10.8915	2.78561	0.601645	1	1	-1
11106.9	1546.23	1761.28	32.5525	200.263	1512.37	92.7554	92.7554	345.736	199.983	200.987	599.34	206.853	246.228	561.278	7	112	16	10	110	114	14	18	7	13	232	10.8681	2.75186	0.594357	1	1	-1
11207.3	24106.6	1886.6	26.758	199.507	1244.51	108.791	108.791	379.517	200.106	200.059	601.667	207.327	206.581	686.601	7	113	242	10	111	115	240	244	7	13	228	10.2909	2.51382	0.542945	1	1	-1
11342.7	21693.3	4458.98	28.3166	199.345	1240.33	107.917	107.917	416.969	200.916	199.902	600.944	242.688	193.291	658.979	6	114	218	23	112	116	216	220	20	26	226	9.7413	2.7632	0.596806	1	1	-1
11385.5	19350.1	1404.75	33.5941	200.54	1272.54	93.1408	93.1408	316.452	199.813	200.978	599.849	185.47	250.056	604.746	6	115	194	8	113	117	192	196	5	11	229	11.425	2.74208	0.592243	1	1	-1
11449.9	9478.46	1109.31	28.16	200.573	1296.02	97.0589	97.0589	355.23	198.98	199.639	598.496	149.903	178.459	509.314	8	116	96	7	114	118	94	98	4	10	228	10.0064	2.4526	0.529721	1	1	-1
11719.1	17246.3	1349.67	29.8003	199.805	1303.53	98.5848	98.5848	394.818	200.609	200.959	599.044	219.119	246.314	549.669	6	118	173	8	116	120	171	175	5	11	227	10.6553	2.81573	0.608151	1	1	-1
11767.6	12578.5	2621.58	28.8092	200.641	1376.02	94.1497	94.1497	366.743	199.492	199.64	600.251	167.61	178.511	621.579	7	119	127	14	117	121	125	129	11	17	224	9.85833	2.56972	0.555018	1	1	-1
12074.1	18462.7	1777.43	26.9638	199.724	1304.24	97.708	97.708	411.578	199.58	199.274	599.568	174.078	162.654	577.434	6	122	186	10	120	124	184	188	7	13	227	10.2053	2.61709	0.565248	1	1	-1
12064	21360.5	1671.86	30.4873	200.484	1122.92	88.2965	88.2965	382.11	199.303	199.354	601.13	164.023	160.47	671.863	7	122	215	9	120	124	213	217	6	12	224	10.0816	2.69239	0.581512	1	1	-1
12249.1	856.722	2798.65	29.9893	200.876	1231.52	84.6558	84.6558	441.217	201.008	199.291	600.268	249.091	156.722	598.649	7	123	10	15	121	125	8	12	12	18	226	8.86685	2.6425	0.570737	1	1	-1
12153.3	10535.2	3975.65	27.5717	200.576	3433.32	117.105	117.105	486.719	198.985	200.816	596.555	153.303	235.151	375.647	12	123	106	22	121	125	104	108	19	25	233	11.6028	3.13	0.676029	1	1	-1
12281.3	8976.26	1819.02	29.7559	200.647	1389.28	99.1059	99.1059	320.57	199.64	199.55	600.296	181.274	176.258	619.024	5	124	91	10	122	126	89	93	7	13	230	10.7338	2.52344	0.545021	1	1	-1
12430.3	5569.31	3618.14	25.8665	200.355	1086.69	99.5334	99.5334	381.056	200.526	199.343	600.213	230.301	169.31	618.138	7	125	57	19	123	127	55	59	16	22	223	9.13086	2.39963	0.51828	1	1	-1
12405.7	13665.6	1095.7	22.8891	200.289	1415.44	101.507	101.507	442.556	200.151	199.55	598.663	205.717	165.604	495.697	7	125	138	7	123	127	136	140	4	10	220	8.21881	2.45121	0.529422	1	1	-1
12449.9	16748.9	4930.81	25.5276	199.891	1474.06	98.4566	98.4566	409.302	200.81	200.796	601.716	249.889	248.869	730.81	8	125	168	25	123	127	166	170	22	28	224	8.09682	2.44608	0.528313	1	1	-1
12430.3	20695.5	3902.55	25.6661	199.033	1477.93	109.06	109.06	455.381	200.425	199.896	598.259	230.3	195.455	502.551	8	125	208	21	123	127	206	210	18	24	225	8.69174	2.54561	0.549809	1	1	-1
12593.5	15868.6	4761.32	29.1153	200.489	1332.59	90.4827	90.4827	412.49	199.955	199.363	599.715	193.502	168.62	561.319	7	127	160	25	125	129	158	162	22	28	228	10.8022	2.62777	0.567555	1	1	-1
12670.4	3173.75	1447.67	25.5594	200.318	1452.91	106.284	106.284	359.942	199.254	199.626	600.447	170.412	173.755	647.665	7	128	33	8	126	130	31	35	5	11	227	9.12796	2.35674	0.509017	1	1	-1
12661.8	4265.49	3092.41	27.9811	200.485	1287.3	97.4095	97.4095	366.117	199.083	199.458	598.144	161.796	165.494	492.407	8	128	44	17	126	130	42	46	14	20	227	9.85485	2.49968	0.539889	1	1	-1
12725	14123.6	1238.07	26.3321	199.98	1651.79	97.2055	97.2055	427.219	200.325	200.316	600.336	224.966	223.552	638.07	6	128	142	7	126	130	140	144	4	10	225	9.81133	2.65042	0.572447	1	1	-1
12715	17498.8	4838.6	20.5696	200.406	1958.86	115.106	115.106	433.354	200.287	200.184	600.708	214.965	198.798	638.603	6	128	176	25	126	130	174	178	22	28	226	8.21948	2.2842	0.493349	1	1	-1
12695.9	17841.9	4966.91	25.0224	200.177	1455.4	102.427	102.427	421.651	199.79	198.812	599.838	195.874	141.873	566.912	7	128	180	26	126	130	178	182	23	29	230	9.05342	2.38711	0.515576	1	1	-1
12875	24932.7	1789.99	29.7888	200.027	1329.29	97.2532	97.2532	359.008	199.46	200.825	600.045	174.96	232.69	589.994	6	130	250	10	128	132	248	252	7	13	233	11.0189	2.67584	0.577936	1	1	-1
13014.1	25218.7	4026.48	27.5437	200.347	1490.5	97.8931	97.8931	398.329	200.173	200.371	600.363	214.146	218.719	626.484	5	131	253	21	129	133	251	255	18	24	230	10.723	2.58672	0.558689	1	1	-1
13149	15326	2317.68	26.8782	200.164	1252.29	97.6857	97.6857	375.309	200.835	200.479	601.955	248.981	225.976	717.678	8	132	154	12	130	134	152	156	9	15	224	9.41857	2.48768	0.537297	1	1	-1
13140.9	23743.5	2669.43	35.2137	200.807	1437.95	88.2319	88.2319	316.403	200.673	200.824	597.625	240.948	243.451	469.433	8	132	238	15	130	134	236	240	12	18	230	10.8017	2.80292	0.605384	1	1	-1
13176.4	1411.22	1865.21	31.3218	200.382	1534.3	89.5222	89.5222	361.084	199.426	200.364	601.052	176.367	211.218	665.206	7	133	15	10	131	135	13	17	7	13	235	12.4727	2.76167	0.596476	1	1	-1
13226.1	5696.19	1541.21	25.611	200.468	1382.15	98.3111	98.3111	407.035	200.592	200.02	599.134	226.09	196.193	541.213	6	133	58	9	131	135	56	60	6	12	223	9.48993	2.45523	0.530288	1	1	-1
13237.1	6729.91	2827.49	25.0013	199.866	1289.03	103.266	103.266	410.08	200.647	200.546	597.855	237.141	229.91	427.491	8	133	68	16	131	135	66	70	13	19	227	8.99107	2.35362	0.508343	1	1	-1
13332	18909.5	4451.76	31.2481	200.055	1502.8	98.0691	98.0691	339.142	200.626	200.355	600.509	232.045	209.501	651.76	7	134	190	23	132	136	188	192	20	26	231	11.1388	2.67228	0.577168	1	1	-1
13373.2	8827.2	2917.99	30.4992	200.46	1378.33	87.514	87.514	365.877	199.7	200.294	599.356	173.244	227.201	517.994	7	135	89	16	133	137	87	91	13	19	225	10.3499	2.62666	0.567316	1	1	-1
13509.4	2418.75	4115.43	27.7821	200.852	1688.96	89.4035	89.4035	989.604	200.261	200.627	599.612	209.428	218.747	515.428	8	136	25	22	134	138	23	27	19	25	232	11.6967	3.38712	0.731562	1	1	-1
13521.5	6004.69	2226.7	25.9469	201	1631.1	93.0947	93.0947	379.974	200.212	199.994	597.663	221.486	204.695	426.697	7	136	61	13	134	138	59	63	10	16	233	9.65741	2.31474	0.499945	1	1	-1
13508.5	7426.69	3092.89	28.9384	200.35	1604.16	99.6336	99.6336	369.311	200.223	200.441	598.431	208.538	226.691	492.892	6	136	75	17	134	138	73	77	14	20	231	10.6177	2.60615	0.562886	1	1	-1
13467.8	23867.2	1505.48	26.821	200.325	1640.96	94.8332	94.8332	404.652	199.619	199.435	601.701	167.798	167.211	705.484	7	136	240	8	134	138	238	242	5	11	227	8.81459	2.46866	0.53319	1	1	-1
13840.3	11901.6	1091.6	26.6758	199.718	1333.43	101.425	101.425	430.439	200.772	200.006	601.337	240.315	201.608	691.6	6	139	120	6	137	141	118	122	3	9	226	9.40414	2.58085	0.557421	1	1	-1
13875.8	17374.5	1718.75	28.6667	200.015	1208.66	94.9672	94.9672	391.336	199.605	199.488	598.807	175.787	174.517	518.747	7	140	175	10	138	142	173	177	7	13	227	10.2486	2.63627	0.56939	1	1	-1
13913.7	20445.2	1044.77	26.3259	199.827	1375.83	101.556	101.556	417.999	200.313	198.962	600.576	213.728	145.16	644.775	6	140	206	6	138	142	204	208	3	9	227	9.48655	2.57052	0.55519	1	1	-1
13858.1	23340.8	4217.29	30.1597	200.666	1470.86	90.3803	90.3803	391.196	199.352	200.86	600.084	158.096	240.775	617.289	8	140	234	22	138	142	232	236	19	25	225	9.32397	2.74518	0.592913	1	1	-1
14010.9	6878.42	3222.8	25.8431	199.849	1653.27	101.276	101.276	405.222	200.109	199.725	603.133	210.867	178.419	822.8	8	141	70	16	139	143	68	72	13	19	230	9.46944	2.42851	0.524518	1	1	-1
14105.7	11535.6	4586.95	26.2063	200.077	1554.34	97.5984	97.5984	432.571	200.011	200.75	599.687	205.661	235.569	586.951	6	142	116	24	140	144	114	118	21	27	228	9.76816	2.59589	0.560668	1	1	-1
14306.1	18187	1048.58	31.5592	199.53	1563.08	101.414	101.414	402.87	200.114	199.874	600.759	206.117	186.98	648.576	6	144	183	6	142	146	181	185	3	9	233	12.3205	3.02669	0.653714	1	1	-1
14385.4	8459.88	3979.55	28.6897	200.338	1720.39	95.7914	95.7914	381.149	199.508	199.259	599.62	185.369	159.88	579.547	7	145	86	21	143	147	84	88	18	24	230	10.6754	2.58316	0.557919	1	1	-1
14384.5	8812.3	1642.75	27.5604	199.233	1655.24	107.522	107.522	414.704	199.754	200.123	601.163	184.453	212.304	642.75	7	145	89	9	143	147	87	91	6	12	228	10.838	2.70587	0.584423	1	1	-1
14494.5	19384	2286.7	22.8204	199.419	1329.35	112.136	112.136	450.872	199.997	199.781	595.85	194.469	183.983	286.697	10	146	195	14	144	148	193	197	11	17	224	8.7771	2.21333	0.478042	1	1	-1
14616.7	11246.3	2079.08	27.3907	199.863	1637.86	104.507	104.507	383.149	200.199	198.823	597.914	216.671	146.287	479.076	9	147	114	12	145	149	112	116	9	15	224	9.75252	2.57067	0.555221	1	1	-1
14550.3	15706.1	4501.06	25.0263	198.853	1210.8	114.887	114.887	416.336	199.028	200.258	601.793	150.334	206.139	701.063	7	147	158	23	145	149	156	160	20	26	223	8.97147	2.43608	0.526153	1	1	-1
14615	24623.9	3191.77	29.5132	200.311	1156.78	94.9566	94.9566	380.837	200.319	200.581	599.653	215.01	223.929	591.767	6	147	247	17	145	149	245	249	14	20	227	11.0623	2.67242	0.577199	1	1	-1
14861.7	7170.13	3560.2	27.6016	200.548	1549.33	97.2116	97.2116	379.599	199.483	199.531	599.743	161.708	170.131	560.202	7	150	73	19	148	152	71	75	16	22	228	9.68935	2.70622	0.584499	1	1	-1
14958.2	2798.44	4136.89	30.7243	199.867	1445.05	98.8054	98.8054	394.083	199.357	199.899	602.458	158.151	198.441	736.893	8	151	29	21	149	153	27	31	18	24	227	10.6157	2.83573	0.612472	1	1	-1
15101.4	615.555	1072.85	26.9792	199.89	1105.77	103.269	103.269	396.759	200.022	200.375	601.034	201.351	215.555	672.846	6	152	7	6	150	154	5	9	3	9	225	10.1759	2.5111	0.542357	1	1	-1
15128.4	22088.5	2390.28	29.4201	200.154	1270.97	98.4443	98.4443	361.071	200.59	199.72	599.883	228.402	188.55	590.278	6	152	222	13	150	154	220	224	10	16	229	10.8386	2.65139	0.572657	1	1	-1
15073.1	22273.7	3728.67	29.0071	199.716	1787.88	100.544	100.544	404.084	199.407	199.444	599.189	173.067	173.67	528.672	6	152	224	20	150	154	222	226	17	23	236	11.1537	2.81642	0.608299	1	1	-1
15231.3	1325.54	3271.37	23.1669	199.68	1569.97	112.475	112.475	378.895	200.58	200.465	598.258	231.298	225.541	471.367	8	153	14	18	151	155	12	16	15	21	223	8.27669	2.17559	0.469891	1	1	-1
15303.7	7440.33	3338.77	26.4164	200.48	1176.03	100.447	100.447	389.858	200.067	200.667	599.023	203.739	240.335	538.767	6	154	75	18	152	156	73	77	15	21	227	9.56633	2.7331	0.590305	1	1	-1
15306.8	8378.61	4635.86	27.4111	200.231	1535.87	97.1604	97.1604	391.394	200.226	199.639	600.632	206.816	178.612	635.865	6	154	85	24	152	156	83	87	21	27	226	10.543	2.49421	0.538708	1	1	-1
15350	14093.6	2403.71	25.6823	199.306	1233.89	105.577	105.577	404.241	200.872	199.91	599.669	250.019	193.584	603.71	6	154	142	13	152	156	140	144	10	16	223	9.01711	2.48547	0.53682	1	1	-1
15301.7	14558.7	4744.34	22.7215	199.624	1161.02	113.095	113.095	434.619	200.254	199.027	598.909	201.708	158.691	544.342	7	154	147	25	152	156	145	149	22	28	226	8.81015	2.35659	0.508985	1	1	-1
15348.8	17401.5	3101.64	32.9653	200.433	1323.01	93.6596	93.6596	351.345	199.059	200.087	598.464	148.758	201.522	501.643	8	155	175	17	153	157	173	177	14	20	231	11.1091	2.89446	0.625155	1	1	-1
15539.6	18284	2782.57	27.3549	199.837	1352.38	94.1091	94.1091	425.028	200.785	199.622	599.725	239.552	184.011	582.57	6	156	184	15	154	158	182	186	12	18	225	10.1291	2.62567	0.567101	1	1	-1
15589.8	6923.88	3554.73	27.2175	199.339	1217.93	96.4063	96.4063	458.559	199.753	200.552	599.338	189.833	223.881	554.733	6	157	70	19	155	159	68	72	16	22	223	11.1236	2.7888	0.602334	1	1	-1
15651	10785.8	3774.58	25.0687	200.109	1294.03	102.894	102.894	376.22	199.177	199.908	599.681	151.047	185.754	574.585	7	158	109	20	156	160	107	111	17	23	224	8.59189	2.29911	0.49657	1	1	-1
15691.6	14351.5	4331.21	30.0261	200.557	1488.95	90.9633	90.9633	368.128	199.866	200.951	602.081	191.579	251.503	731.214	7	158	144	22	156	160	142	146	19	25	229	10.3427	2.57979	0.557193	1	1	-1
15717.6	22290.6	4690.92	25.8695	199.44	1957.72	109.512	109.512	419.059	200.411	199.821	601.627	217.606	190.621	690.916	7	158	224	24	156	160	222	226	21	27	234	10.3811	2.51408	0.542999	1	1	-1
15759	2613.31	4319.88	34.5421	200.485	1134.61	82.9376	82.9376	379.895	199.259	200.325	598.685	159.041	213.309	519.878	8	159	27	23	157	161	25	29	20	26	228	11.6998	2.88363	0.622816	1	1	-1
15778.4	6316.94	3868.8	24.7443	199.732	855.569	101.284	101.284	405.246	199.582	200.314	601.234	178.397	216.944	668.805	6	159	64	20	157	161	62	66	17	23	224	9.46747	2.37525	0.513015	1	1	-1
15819.4	14806.2	4284.7	26.6198	200.334	1539.99	98.7587	98.7587	368.964	200.439	200.048	601.544	219.4	206.17	684.695	6	159	149	22	157	161	147	151	19	25	225	10.2787	2.66355	0.575284	1	1	-1
15883.4	16356.6	1748.97	25.2012	200.458	1638.92	96.5788	96.5788	405.926	199.656	199.217	599.759	183.441	156.64	548.97	6	160	165	10	158	162	163	167	7	13	227	8.80295	2.40312	0.519033	1	1	-1
16176.1	6199.38	1438.75	24.7794	199.455	1604.6	107.854	107.854	451.496	199.687	199.989	598.002	176.058	199.383	438.755	8	163	63	9	161	165	61	65	6	12	224	9.03303	2.47868	0.535355	1	1	-1
16197.2	17366.9	3206.08	22.8759	199.121	1469.99	113.653	113.653	445.385	199.98	199.303	599.826	197.179	166.946	606.081	5	163	175	17	161	165	173	177	14	20	224	8.91672	2.26404	0.488995	1	1	-1
16328.1	23124.6	3987.39	29.996	200.724	1283.93	81.4137	81.4137	415.249	200.566	200.538	599.983	228.128	224.623	587.386	7	164	232	21	162	166	230	234	18	24	233	11.0681	2.61006	0.56373	1	1	-1
16438.1	6635.18	3720.35	27.3508	200.6	1272.21	100.811	100.811	364.703	200.494	200.849	599.163	238.057	235.18	520.346	7	165	67	20	163	167	65	69	17	23	223	9.15503	2.52257	0.544834	1	1	-1
16373.2	10462.3	3158.42	29.5905	200.416	1611.37	91.6939	91.6939	394.048	199.424	199.421	598.848	173.229	162.25	558.421	7	165	106	17	163	167	104	108	14	20	227	9.78769	2.6831	0.579506	1	1	-1
16484.8	580.849	1392.52	32.6787	200.233	1475.34	90.5906	90.5906	376.652	199.558	199.642	599.469	184.767	180.849	592.524	5	166	7	8	164	168	5	9	5	11	233	12.9469	2.86701	0.619226	1	1	-1
16506.3	19389.9	3701.1	26.4792	199.02	1183.37	110.479	110.479	423.24	200.218	199.79	601.802	206.278	189.888	701.097	6	166	195	19	164	168	193	197	16	22	224	10.4825	2.56729	0.554491	1	1	-1
16644.1	3679.02	2660.33	27.8864	199.85	1491.06	108.588	108.588	376.157	200.868	199.492	600.982	244.066	179.024	660.328	7	167	38	14	165	169	36	40	11	17	229	9.67665	2.63073	0.568193	1	1	-1
16725.4	5592.92	1353.21	29.0188	200.116	1231.73	102.231	102.231	349.352	200.483	199.95	599.251	225.396	192.916	553.214	6	168	57	8	166	170	55	59	5	11	230	10.1441	2.56949	0.554968	1	1	-1
16864.7	512.194	3499.48	30.4635	200.209	1404.07	89.1505	89.1505	414.335	199.113	200.305	598.444	164.693	212.194	499.478	7	170	6	19	168	172	4	8	16	22	227	11.4981	2.82151	0.6094	1	1	-1
17029.6	7778.44	3740.16	29.8521	200.484	1488.67	94.3827	94.3827	389.657	200.606	199.422	599.051	229.601	178.437	540.163	8	171	79	20	169	173	77	81	17	23	233	10.874	2.6743	0.577605	1	1	-1
16996.1	12215.1	1045.88	26.3779	200.484	1483.95	91.8931	91.8931	382.371	200.202	200.034	597.882	196.099	215.118	445.876	9	171	123	7	169	173	121	125	4	10	231	10.2595	2.34716	0.506948	1	1	-1
17039.4	17854	2739.16	24.8869	199.995	1218.76	102.855	102.855	393.773	200.608	201.042	599.003	239.371	254.013	539.159	7	171	179	15	169	173	177	181	12	18	224	8.28006	2.36189	0.510129	1	1	-1
17030.5	19375.1	2272.9	25.0312	199.938	1244.67	108.958	108.958	392.459	200.478	199.43	601.347	230.543	175.104	672.902	6	171	195	12	169	173	193	197	9	15	221	8.91652	2.40086	0.518546	1	1	-1
17141.7	23040.1	4241.2	28.077	199.726	1476.38	97.8638	97.8638	398.875	200.989	200.832	600.644	241.667	240.103	641.204	7	172	231	22	170	174	229	233	19	25	229	9.87899	2.68353	0.579598	1	1	-1
17143.8	24264.2	1503.86	30.4647	199.321	1458.61	98.1865	98.1865	430.003	200.929	199.365	598.668	243.832	164.195	503.862	7	172	244	9	170	174	242	246	6	12	224	10.6688	2.90995	0.628502	1	1	-1
17704.8	13602.5	3497.96	29.4917	200.398	1463.45	98.3438	98.3438	346.62	200.084	200.193	598.1	204.797	202.506	497.96	7	178	137	19	176	180	135	139	16	22	231	11.5879	2.62683	0.567351	1	1	-1
18144.3	23788.4	3504.92	27.595	200.587	1280.65	92.2015	92.2015	352.171	200.655	200.031	599.143	244.347	188.423	504.92	7	182	239	19	180	184	237	241	16	22	224	9.2777	2.42161	0.523027	1	1	-1
18161	9736.6	4018.53	29.3859	199.173	1240.91	102.604	102.604	405.12	199.169	200.77	600.179	160.969	236.603	618.527	6	183	98	21	181	185	96	100	18	24	231	10.3148	2.78038	0.600516	1	1	-1
18151.8	22091.7	4266.28	25.0113	199.957	1379.53	101.367	101.367	396.537	199.263	199.936	601.12	151.799	191.696	666.285	7	183	222	22	181	185	220	224	19	25	220	8.42471	2.38506	0.515133	1	1	-1
18369.5	6968.47	2208.07	27.6756	199.343	1503.83	108.546	108.546	382.497	199.455	199.407	600.162	169.494	168.47	608.066	6	185	71	12	183	187	69	73	9	15	229	9.53234	2.61914	0.565691	1	1	-1
18445.4	17609.1	3612.22	27.3269	200.284	1508.52	101.423	101.423	344.613	201.124	200.266	599.91	245.374	209.053	612.223	8	185	177	19	183	187	175	179	16	22	230	10.1514	2.44077	0.527165	1	1	-1
18459	14641.1	4730.43	33.1993	200.131	1377.33	89.472	89.472	355.011	199.213	200.765	602.168	158.96	241.134	730.435	8	186	147	24	184	188	145	149	21	27	228	10.327	2.80484	0.605799	1	1	-1
18814.8	20057.2	2493.24	24.8223	199.775	1500.93	100.466	100.466	455.889	200.342	201.151	598.404	214.842	257.19	493.244	8	189	201	14	187	191	199	203	11	17	230	8.60625	2.4493	0.529008	1	1	-1
18863.9	2337.1	4960.65	26.7964	200.227	1372.52	92.7586	92.7586	457.782	199.34	200.697	599.407	163.927	237.103	560.65	6	190	24	26	188	192	22	26	23	29	222	9.27607	2.57382	0.555902	1	1	-1
18878.9	4929.97	2961.05	29.884	200.24	1456.18	95.0126	95.0126	366.676	199.832	200.677	599.519	178.885	229.974	561.053	7	190	50	16	188	192	48	52	13	19	228	10.4881	2.63921	0.570026	1	1	-1
18915.1	18945.1	2429.26	26.0145	200.446	1342.51	101.367	101.367	327.326	200.157	200.736	600.084	215.064	245.094	629.26	7	190	190	13	188	192	188	192	10	16	223	8.8118	2.19423	0.473918	1	1	-1
19168.2	14745.8	4401.95	26.7639	199.577	1381.42	100.415	100.415	432.038	199.264	200.935	599.854	168.181	245.843	601.951	6	193	148	23	191	195	146	150	20	26	228	10.1331	2.66024	0.574568	1	1	-1
19251.2	2323.9	2817.09	28.0332	200.354	1658.43	96.2861	96.2861	358.007	198.995	200.479	599.782	151.189	223.899	617.085	7	194	24	15	192	196	22	26	12	18	228	9.70448	2.50818	0.541725	1	1	-1
19416.8	13081.5	1826.87	26.034	200.72	1267.31	92.486	92.486	372.608	200.196	199.824	600.381	216.78	181.48	626.874	6	195	132	10	193	197	130	134	7	13	223	10.1053	2.34069	0.50555	1	1	-1
19389.7	14095.9	1264.16	27.0049	199.386	1067.85	103.947	103.947	413.875	199.871	200.048	598.034	189.739	195.879	464.16	7	195	142	8	193	197	140	144	5	11	225	10.461	2.61764	0.565368	1	1	-1
19648	16936	3168.61	24.2859	199.45	1364.47	107.893	107.893	437.486	200.89	200.65	599.227	247.992	236.008	568.613	6	197	170	17	195	199	168	172	14	20	224	8.40303	2.47555	0.534678	1	1	-1
19666.8	23704.4	3967.59	31.9598	200.139	1314.29	92.5655	92.5655	375.796	199.312	200.103	599.486	166.803	204.445	567.587	6	198	238	21	196	200	236	240	18	24	226	11.321	2.89819	0.625961	1	1	-1
19956.1	20715.5	3025.97	26.9722	200.123	1085.94	100.271	100.271	405.954	201.26	200.151	600.391	256.061	215.521	625.973	7	200	208	16	198	202	206	210	13	19	225	9.59985	2.51632	0.543484	1	1	-1
20035.6	10183.9	4941.02	29.5341	199.689	1062.71	99.4674	99.4674	394.62	200.601	199.748	598.865	235.649	183.928	541.019	6	201	103	26	199	203	101	105	23	29	228	10.5135	2.75652	0.595362	1	1	-1
19984.5	19663.4	2828.24	31.3846	200.344	1220.66	85.8579	85.8579	384.568	199.569	199.426	599.765	184.481	163.407	628.245	7	201	198	15	199	203	196	200	12	18	227	11.0223	2.77184	0.598673	1	1	-1
20174.2	18018.5	1201.18	28.2974	200.35	1495.38	94.6233	94.6233	410.412	199.408	200.374	599.665	174.153	218.466	601.178	6	203	181	7	201	205	179	183	4	10	228	10.8653	2.68742	0.580438	1	1	-1
20284.2	24187	3519.54	23.6382	200.101	1656.44	104.652	104.652	427.822	199.793	199.913	601.331	184.193	187.032	719.543	7	204	243	18	202	206	241	245	15	21	227	8.9754	2.42429	0.523606	1	1	-1
20430.2	5785.2	1524.86	30.0589	199.807	1701.07	97.5327	97.5327	404.415	200.822	199.762	599.016	230.195	185.198	524.865	7	205	59	9	203	207	57	61	6	12	229	11.171	2.82705	0.610596	1	1	-1
20554.6	1668.52	4641.66	29.1107	200.09	1513.32	98.1371	98.1371	400.624	201.21	199.383	600.838	254.554	168.519	641.656	7	206	18	24	204	208	16	20	21	27	228	10.3918	2.72057	0.587597	1	1	-1
20742.9	9603.53	1103.52	26.9077	199.306	1312.79	106.047	106.047	429.023	200.948	200.011	598.417	242.924	203.528	503.517	7	208	97	7	206	210	95	99	4	10	224	8.93589	2.66327	0.575223	1	1	-1
20737.8	12920.7	1469.09	24.9585	200.185	1547.49	102.221	102.221	401.587	200.71	200.358	600.783	237.807	220.697	669.086	6	208	130	8	206	210	128	132	5	11	223	8.84708	2.39937	0.518223	1	1	-1
20686.3	16484.7	2176.33	28.8846	199.458	1265.84	103.17	103.17	398.965	199.729	199.776	599.172	186.283	184.743	576.329	5	208	166	12	206	210	164	168	9	15	229	11.0901	2.72812	0.58923	1	1	-1
20700.7	23393	2635.2	26.552	200.257	1401.88	97.9707	97.9707	353.301	200.23	199.989	600.986	200.692	193.001	635.204	7	208	235	14	206	210	233	237	11	17	227	10.5842	2.35246	0.508092	1	1	-1
20698.1	23765.8	4537.56	26.0901	199.64	1386.59	109.879	109.879	377.44	200.017	199.416	598.814	198.054	165.793	537.56	6	208	239	24	206	210	237	241	21	27	224	9.24079	2.44119	0.527257	1	1	-1
20814.5	2984.57	4021.23	30.3431	200.498	1316.4	87.3799	87.3799	401.999	200.145	199.544	600.559	214.527	184.567	621.233	6	209	31	21	207	211	29	33	18	24	226	11.435	2.77716	0.59982	1	1	-1
20837	12831.9	2899.48	29.3338	200.326	1456.51	90.614	90.614	428.325	200.758	200.699	598.803	237.018	231.944	499.478	7	209	129	16	207	211	127	131	13	19	231	10.5467	2.77695	0.599774	1	1	-1
20873	4907.99	4686.9	25.3049	200.14	1596.75	103.207	103.207	420.335	199.483	200.218	598.447	173.029	207.993	486.903	7	210	50	25	208	212	48	52	22	28	227	10.197	2.46031	0.531387	1	1	-1
20892.7	6392.59	1514.47	24.4499	200.491	1278.23	99.6786	99.6786	396.189	199.656	200.067	598.971	192.736	192.586	514.471	7	210	65	9	208	212	63	67	6	12	221	9.49478	2.30758	0.498399	1	1	-1
21145.9	3636.76	2673.82	25.525	199.35	2314.67	120.365	120.365	448.135	201.161	200.866	597.31	245.881	236.756	473.822	12	212	37	15	210	214	35	39	12	18	231	10.14	2.77563	0.59949	1	1	-1
21165.1	851.691	4973.57	24.536	199.763	1455.73	98.906	98.906	496.114	199.339	199.104	599.866	165.073	151.691	573.567	7	213	10	26	211	215	8	12	23	29	222	8.52165	2.58543	0.55841	1	1	-1
21201	14687.7	1479.18	26.2326	199.262	1161.46	108.863	108.863	393.206	200.003	199.784	601.249	200.954	187.736	679.179	6	213	148	8	211	215	146	150	5	11	225	10.1743	2.50625	0.541309	1	1	-1
21151.4	20584.9	3319.83	26.7359	199.397	1360.78	107.385	107.385	399.705	199.051	199.547	598.931	151.357	184.949	519.827	7	213	207	18	211	215	205	209	15	21	227	9.92015	2.58834	0.559039	1	1	-1
21241.6	24133.2	1268.69	26.7814	199.976	1281.1	103.218	103.218	379.15	199.051	200.672	598.013	141.632	233.213	468.686	8	214	242	8	212	216	240	244	5	11	224	9.01059	2.52215	0.544742	1	1	-1
21330.1	3615.2	2101.23	26.6321	199.723	1915.32	107.197	107.197	456.328	198.521	200.449	601.311	130.116	215.201	701.235	9	215	37	11	213	217	35	39	8	14	232	9.83447	2.7644	0.597064	1	1	-1
21627.5	5862.34	3344.27	27.3124	200.163	1283.15	99.8398	99.8398	380.254	200.498	199.29	599.072	227.549	162.342	544.273	6	217	60	18	215	219	58	62	15	21	230	9.62125	2.48818	0.537406	1	1	-1
21578	17832.4	3922.3	26.3669	200.242	1317.55	100.254	100.254	406.549	199.491	200.553	599.084	177.971	232.378	522.299	6	217	179	21	215	219	177	181	18	24	228	10.023	2.50334	0.540679	1	1	-1
21739.9	18816.6	4429.01	31.1694	200.275	1650.71	90.6873	90.6873	405.641	200.959	200.246	600.755	239.888	216.621	629.008	7	218	189	23	216	220	187	191	20	26	233	11.3226	2.83316	0.611916	1	1	-1
21741.2	24946.1	2345.23	24.2738	199.301	1508.4	115.51	115.51	411.1	200.691	198.707	601.646	241.162	146.075	745.234	9	218	251	12	216	220	249	253	9	15	222	8.46483	2.39913	0.518172	1	1	-1
21782.8	5295.41	1583.75	23.9973	199.315	1459.95	110.531	110.531	473.496	199.614	199.994	599.732	182.822	195.414	583.748	5	219	54	9	217	221	52	56	6	12	224	9.10739	2.44407	0.527879	1	1	-1
21810.6	11556.1	3937.79	22.2691	199.615	1378.84	111.516	111.516	427.694	200.319	199.236	599.048	210.605	156.117	537.794	6	219	117	21	217	221	115	119	18	24	222	8.1049	2.24392	0.484649	1	1	-1
21940.5	4750.24	3596.29	31.6343	199.927	1534.34	91.0856	91.0856	393.094	198.642	200.932	599.754	140.507	250.237	596.285	7	221	48	19	219	223	46	50	16	22	229	10.0143	2.86919	0.619698	1	1	-1
22102.6	6136.69	2049.94	27.2822	199.618	1299.47	105.42	105.42	373.227	200.014	200.722	600.526	202.645	236.687	649.944	6	222	62	11	220	224	60	64	8	14	225	10.4406	2.55246	0.55129	1	1	-1
22056.2	14461.8	4752.1	31.5766	195.791	4576.59	182.764	182.764	593.747	198.81	198.671	594.138	156.223	161.841	352.103	10	222	146	26	220	224	144	148	23	29	236	10.7477	3.25383	0.702774	1	1	-1
22206	2561.7	1992.42	27.3842	200.763	1412.19	93.1331	93.1331	403.516	199.983	199.447	600.123	206.029	161.699	592.422	7	223	27	11	221	225	25	29	8	14	225	9.45951	2.50336	0.540684	1	1	-1
22189.2	13083	4347.86	27.58	200.212	1627.36	94.2316	94.2316	421.339	199.841	199.46	601.712	189.248	182.955	747.864	8	223	132	22	221	225	130	134	19	25	227	10.7367	2.67588	0.577947	1	1	-1
22322.5	6139.18	4205.92	27.8019	199.639	1507.09	100.723	100.723	395.314	200.44	200.761	599.961	222.539	239.178	605.923	6	224	62	22	222	226	60	64	19	25	229	10.4075	2.65666	0.573796	1	1	-1
22432.8	6957.96	4063.27	24.2207	199.447	1527.09	104.776	104.776	434.446	200.583	199.142	601.43	232.797	157.957	663.269	7	225	71	21	223	227	69	73	18	24	230	8.51703	2.43971	0.526938	1	1	-1
22544.7	12363.2	1090.55	23.6559	199.518	1433.64	106.377	106.377	473.871	200.762	199.174	598.673	244.687	163.222	490.547	7	226	125	7	224	228	123	127	4	10	222	8.26616	2.44095	0.527206	1	1	-1
22477.6	13103	3204.06	26.4963	199.927	1378.37	103.804	103.804	368.652	199.493	199.961	596.981	177.604	203.042	404.059	8	226	132	18	224	228	130	134	15	21	227	9.95673	2.46279	0.531921	1	1	-1
22473.7	17763.1	1012.87	28.8335	200.396	1371.18	87.7526	87.7526	394.98	199.417	199.283	600.28	173.742	163.091	612.868	6	226	179	6	224	228	177	181	3	9	226	10.5296	2.56172	0.55329	1	1	-1
22700.9	16108.2	4934.88	31.6582	200.298	1258.63	91.8136	91.8136	345.892	200.187	200.193	599.194	200.902	208.191	534.878	7	228	162	26	226	230	160	164	23	29	232	11.9961	2.69347	0.581745	1	1	-1
22836.5	10590.1	1661.63	27.4458	200.686	1401.04	97.6664	97.6664	354.806	200.589	199.989	600.715	236.469	190.114	661.634	7	229	107	9	227	231	105	109	6	12	231	9.50888	2.3754	0.513046	1	1	-1
22879.3	2183.83	1458.51	28.5886	199.677	1654.13	99.7501	99.7501	382.352	199.32	199.622	601.181	179.318	183.83	658.505	7	230	23	8	228	232	21	25	5	11	228	11.1215	2.70241	0.583676	1	1	-1
22906	19204.2	4372.74	27.2375	200.155	1425.5	95.996	95.996	408.97	200.283	200.168	599.262	206.004	204.237	572.737	6	230	193	23	228	232	191	195	20	26	228	10.7359	2.60094	0.561759	1	1	-1
23249.8	17183.7	3636.33	29.7902	200.663	1037.1	91.6846	91.6846	360.495	200.987	199.796	600.626	249.81	183.699	636.331	7	233	173	19	231	235	171	175	16	22	230	10.1287	2.59431	0.560329	1	1	-1
23398.4	9081.61	1734.36	27.3949	199.96	1270.47	96.3694	96.3694	411.288	200.073	199.72	601.758	198.384	181.615	734.358	8	235	92	9	233	237	90	94	6	12	227	10.6688	2.67106	0.576905	1	1	-1
23396.2	13125.1	4206.01	29.1831	200.17	1358.46	97.2736	97.2736	366.008	199.983	200.422	600.66	196.156	225.118	606.01	6	235	132	22	233	237	130	134	19	25	226	11.2244	2.7101	0.585336	1	1	-1
23505.5	11031.6	3465.95	27.8214	199.605	1411.38	101.018	101.018	441.135	200.157	200.699	600.453	205.526	231.631	665.951	6	236	111	18	234	238	109	113	15	21	225	11.0885	2.79434	0.603532	1	1	-1
23727.1	25201.9	3573.74	26.6769	200.336	1410.1	96.7027	96.7027	386.83	200.414	199.843	599.536	227.084	201.934	573.737	5	238	253	19	236	240	251	255	16	22	226	9.95054	2.45876	0.531052	1	1	-1
23966.6	1548.72	4787.04	26.7281	199.736	1168.11	99.4017	99.4017	447.976	199.141	200.851	599.804	166.628	248.721	587.042	7	241	16	25	239	243	14	18	22	28	228	9.72769	2.68135	0.579128	1	1	-1
23965.8	24011.8	1696.88	27.2164	199.966	1243.98	103.918	103.918	433.762	199.462	200.206	598.683	165.849	211.845	496.884	7	241	241	10	239	243	239	243	7	13	224	9.64938	2.74909	0.593758	1	1	-1
24044.8	5660.87	4098.37	30.4723	199.739	1634.5	106.877	106.877	371.418	198.675	199.205	602.176	144.841	160.87	698.375	9	242	58	21	240	244	56	60	18	24	228	9.95867	2.80412	0.605644	1	1	-1
24135.1	21924.9	2802.59	27.2483	200.348	1188.31	96.2774	96.2774	372.494	200.638	200.305	600.006	235.071	224.895	602.586	6	242	220	15	240	244	218	222	12	18	226	9.1362	2.43861	0.526698	1	1	-1
24350.2	17624.5	1771.43	24.9293	200.326	1354.67	93.745	93.745	466.307	200.795	200.409	599.407	250.208	224.502	571.426	7	244	177	10	242	246	175	179	7	13	225	8.50035	2.46299	0.531965	1	1	-1
24486.6	10248.3	2895.52	24.5448	200.519	1562.28	90.5115	90.5115	446.403	199.891	200.703	600.678	186.621	248.286	695.517	8	246	103	15	244	248	101	105	12	18	222	8.05348	2.45474	0.530184	1	1	-1
24493.4	24039.1	3339.81	31.9705	201.455	1737.44	91.5588	91.5588	336.98	199.992	201.156	602.138	193.431	239.094	739.808	9	246	241	17	244	248	239	243	14	20	231	11.3021	2.70267	0.583732	1	1	-1
24595.4	6244.29	4860.68	33.8344	199.782	1460.84	101.018	101.018	360.192	199.894	201.197	601.311	195.442	244.294	660.684	6	247	63	25	245	249	61	65	22	28	235	12.1278	3.03465	0.655434	1	1	-1
24592.4	14120.3	4346.82	25.3633	199.383	1312.16	113.207	113.207	389.355	199.919	200.352	599.066	192.426	220.33	546.824	6	247	142	23	245	249	140	144	20	26	231	9.36865	2.34781	0.507089	1	1	-1
24648.9	4920	4027.72	28.365	199.79	1272.28	102.891	102.891	357.189	198.788	200.406	600.05	148.894	219.997	627.723	7	248	50	21	246	250	48	52	18	24	227	10.4203	2.59144	0.559707	1	1	-1
24738.8	10643.4	2472.56	27.4244	201.423	1586.76	89.6887	89.6887	346.236	200.338	200.425	598.408	238.802	243.39	472.56	8	248	107	14	246	250	105	109	11	17	228	8.45951	2.47821	0.535253	1	1	-1
24732.4	24319.4	2872.82	28.1794	202.144	3412.99	88.0885	88.0885	323.538	199.978	199.549	602.434	232.365	219.351	672.825	8	248	244	15	246	250	242	246	12	18	227	9.1726	2.64211	0.570652	1	1	-1
24783.3	12424.2	3984.31	25.5242	200.481	2253.36	105.724	105.724	472.76	199.652	200.715	599.41	183.273	224.193	584.312	7	249	125	21	247	251	123	127	18	24	225	10.3422	2.6955	0.582184	1	1	-1
24794.9	12562.6	2977.45	28.8508	201.135	2358.91	87.0677	87.0677	442.858	199.808	198.924	600.915	194.855	162.557	577.452	8	249	127	16	247	251	125	129	13	19	234	11.562	2.84187	0.613796	1	1	-1
24999.1	851.316	1995.29	27.4514	200.011	1401.46	101.435	101.435	387.401	200.081	201.102	596.441	199.114	251.316	395.289	10	251	9	12	249	253	7	11	9	15	229	9.98992	2.54766	0.550253	1	1	-1
25041.6	18328.8	3682.35	30.7309	200.186	966.074	91.6065	91.6065	352.789	200.855	200.546	598.022	241.576	228.771	482.354	8	251	184	20	249	253	182	186	17	23	226	10.5524	2.6569	0.573847	1	1	-1
25005.8	18742.9	1902.41	33.1053	200.876	1632.67	87.993	87.993	333.978	200.338	200.763	601.291	205.793	242.872	702.407	9	251	188	10	249	253	186	190	7	13	235	11.0368	2.77439	0.599222	1	1	-1
25159.4	11615.8	3755.46	27.438	199.49	1280.31	109.328	109.328	367.183	201.214	200.336	599.256	259.419	215.819	555.458	7	252	117	20	250	254	115	119	17	23	227	9.47578	2.58001	0.55724	1	1	-1
SPOTS_END
