FISH-QUANT	v3a
File-version	3D_v1
RESULTS OF SPOT DETECTION PERFORMED ON 24-Sep-2021 
COMMENT	
IMG_Raw	Poiss_300spots_bg_200_2_I_300_0_img1.tif
IMG_Filtered	
IMG_DAPI	
IMG_TS_label	
FILE_settings	Poiss_300spots_bg_200_2_I_300_0_img1__settings_MATURE.txt
PARAMETERS
Pix-XY	Pix-Z	RI	Ex	Em	NA	Type
100	200	1.33	547	583	1.4	widefield
CELL_START	EntireImage
X_POS	1	1	256	256	
Y_POS	1	256	256	1	
Z_POS	
CELL_END
SPOTS_START
Pos_Y	Pos_X	Pos_Z	AMP	BGD	RES	SigmaX	SigmaY	SigmaZ	Cent_Y	Cent_X	Cent_Z	MuY	MuX	MuZ	ITERY_det	Y_det	X_det	Z_det	Y_min	Y_max	X_min	X_max	Z_min	Z_max	INT_raw	INT_filt	SC_det	SC_det_norm	TH_det	TH_fit	IN_nuc
326.215	16699.4	1356.96	25.1129	199.958	1227.25	99.5393	99.5393	427.925	200.512	199.961	599.513	226.215	199.446	556.964	6	4	168	8	2	6	166	170	5	11	223	9.48133	2.45384	0.685116	1	1	-1
484.006	23585.7	1650.76	29.3214	200.108	1583.28	102.906	102.906	372.344	199.791	199.805	601.244	184.006	185.66	650.757	6	6	237	9	4	8	235	239	6	12	228	11.1131	2.70645	0.755644	1	1	-1
654.036	8115.5	2886.89	24.2412	199.813	1009.33	107.356	107.356	378.7	200.955	200.305	601.098	254.036	215.499	686.895	7	7	82	15	5	9	80	84	12	18	220	8.36215	2.24164	0.625869	1	1	-1
669.58	1048.01	3272.99	28.5476	200.126	1297.79	94.3485	94.3485	367.056	199.336	200.65	597.405	169.58	248.013	472.986	8	8	11	18	6	10	9	13	15	21	224	9.21991	2.52885	0.706058	1	1	-1
884.591	14372.2	4609.68	23.6809	199.722	1535.65	107.073	107.073	406.219	199.784	199.499	600.174	184.591	172.165	609.676	6	10	145	24	8	12	143	147	21	27	222	9.38901	2.29528	0.640846	1	1	-1
1238.66	21527.2	3494.94	24.9063	199.616	1392.34	105.826	105.826	398.035	200.79	200.558	601.339	238.664	227.155	694.941	7	13	216	18	11	15	214	218	15	21	223	9.32641	2.38321	0.665397	1	1	-1
1324.8	19858.1	1890.57	25.5304	199.525	1384.41	104.605	104.605	408.777	200.403	199.089	598.218	224.803	158.052	490.573	8	14	200	11	12	16	198	202	8	14	224	8.94694	2.43355	0.67945	1	1	-1
1343.44	13928.8	1208.58	25.807	198.717	1332.46	114.09	114.09	427.072	198.762	200.706	600.269	143.439	228.833	608.585	7	15	140	7	13	17	138	142	4	10	222	8.20429	2.58727	0.722369	1	1	-1
1421.44	20869.5	4114.1	28.491	199.963	1908.98	98.0007	98.0007	383.421	200.507	199.317	601.774	221.439	169.476	714.099	8	15	210	21	13	17	208	212	18	24	240	10.8609	2.65664	0.741737	1	1	-1
1448.46	24630.3	4859.19	24.8543	200.341	1445.69	103.81	103.81	395.418	200.835	200.377	600.894	248.457	230.341	659.188	8	15	247	25	13	17	245	249	22	28	221	8.28896	2.41195	0.673422	1	1	-1
1642.97	20199.7	3203.35	29.3109	200.404	1415.28	95.702	95.702	364.087	200.682	199.76	599.491	242.967	199.665	603.353	7	17	203	17	15	19	201	205	14	20	231	10.2837	2.67652	0.747287	1	1	-1
1663.95	10031.6	2110.3	28.1764	202.118	2477.21	90.9659	90.9659	315.333	199.967	201.261	597.667	163.949	231.555	510.3	13	18	101	12	16	20	99	103	9	15	231	9.25564	2.47457	0.690903	1	1	-1
1762.9	3839.85	4762.21	28.1976	199.71	1498.55	103.812	103.812	365.679	198.972	200.787	602.929	162.898	239.849	762.206	9	19	39	24	17	21	37	41	21	27	226	9.81009	2.56479	0.716093	1	1	-1
1759.82	5322.29	1349.55	28.5732	200.274	1384.98	94.7684	94.7684	436.436	199.237	200.511	602.397	159.819	222.294	749.551	7	19	54	7	17	21	52	56	4	10	224	9.69545	2.69678	0.752946	1	1	-1
1880.9	22174.8	3452.94	30.9181	200.012	1605.29	91.8042	91.8042	385.248	199.689	199.628	600.627	180.901	174.803	652.943	7	20	223	18	18	22	221	225	15	21	228	11.1843	2.73451	0.76348	1	1	-1
1996.77	10192.5	1769.94	26.1631	201	1600.71	94.8296	94.8296	372.991	199.802	199.668	602.928	196.773	192.478	769.941	8	21	103	9	19	23	101	105	6	12	229	9.93491	2.38342	0.665455	1	1	-1
2043.62	11199	2292.35	26.6191	200.124	1157.53	95.9871	95.9871	475.45	200.749	199.902	598.575	243.62	199.01	492.354	7	21	113	13	19	23	111	115	10	16	225	9.95097	2.57908	0.720085	1	1	-1
2079.09	1237.36	4736.64	31.4943	200.402	1616.03	89.5974	89.5974	375.857	199.578	200.777	599.133	179.095	237.358	536.642	7	22	13	25	20	24	11	15	22	28	229	11.3119	2.84118	0.793263	1	1	-1
2219.89	15561	3802.95	31.8279	200.821	1428.56	84.581	84.581	417.017	200.511	199.335	602.649	219.89	161.018	802.945	8	23	157	19	21	25	155	159	16	22	229	10.7868	2.76005	0.770609	1	1	-1
2285.5	6018.54	1869.33	29.7854	200.229	1083.54	91.1875	91.1875	411.008	199.704	200.436	600.615	185.502	218.542	669.329	7	24	61	10	22	26	59	63	7	13	228	11.4726	2.72848	0.761796	1	1	-1
2278.6	25022.1	1795.51	27.6814	200.171	1316.08	92.9396	92.9396	406.475	199.79	200.44	600.05	178.6	222.081	595.51	7	24	251	10	22	26	249	253	7	13	227	10.5804	2.54341	0.710123	1	1	-1
2447.52	16646.4	1472.4	25.7726	199.504	1432.1	106.613	106.613	407.336	200.972	198.916	601.518	247.516	146.406	672.4	7	25	168	8	23	27	166	170	5	11	224	8.34639	2.48235	0.693077	1	1	-1
2413.94	18931.9	1777.47	25.3775	199.412	1402.68	110.915	110.915	391.948	200.297	200.576	599.508	213.94	231.886	577.466	6	25	190	10	23	27	188	192	7	13	225	8.95416	2.39354	0.668279	1	1	-1
2523.15	10336.5	2121.88	24.9579	200.268	1576.77	95.4764	95.4764	422.542	200.515	200.703	599.009	223.146	236.459	521.883	7	26	104	12	24	28	102	106	9	15	227	8.9922	2.52798	0.705817	1	1	-1
2634.75	9025.8	2606.35	22.8427	198.946	1307.91	117.086	117.086	451.66	200.767	200.364	599.894	234.752	225.803	606.347	6	27	91	14	25	29	89	93	11	17	223	8.57165	2.33978	0.653269	1	1	-1
2853.63	2336.46	1909.57	29.2009	199.774	1215.16	99.8772	99.8772	398.693	201.172	200.677	602.086	253.627	236.456	709.574	8	29	24	10	27	31	22	26	7	13	226	10.0339	2.68686	0.750175	1	1	-1
2788.54	3944.86	2388.6	27.0704	200.47	1379.19	94.3872	94.3872	378.098	199.841	200.859	599.485	188.539	244.863	588.6	7	29	40	13	27	31	38	42	10	16	228	9.86896	2.4517	0.68452	1	1	-1
2762.33	21255.8	2069.32	23.5539	200.339	1353.41	97.4558	97.4558	428.661	199.345	199.37	598.499	162.331	155.808	469.321	7	29	214	12	27	31	212	216	9	15	220	7.85031	2.32409	0.64889	1	1	-1
2832.98	24627.2	4419.16	24.4724	199.793	1278.9	102.411	102.411	443.196	200.549	200.549	600.23	232.983	227.177	619.156	7	29	247	23	27	31	245	249	20	26	222	9.17151	2.38296	0.665327	1	1	-1
2870.52	1712.78	3243.15	37.285	200.615	1367.99	86.0983	86.0983	314.011	199.455	200.101	600.363	170.524	212.775	643.151	8	30	18	17	28	32	16	20	14	20	233	13.0089	2.97515	0.830668	1	1	-1
2935.13	8913.57	4522.65	27.1623	199.392	1425.07	105.63	105.63	394.42	200.641	200.336	598.561	235.128	213.566	522.652	7	30	90	24	28	32	88	92	21	27	224	10.2291	2.62645	0.733308	1	1	-1
2853.79	12333.9	1648.04	32.8403	200.242	1218.85	88.0625	88.0625	352.302	199.179	200.639	601.042	153.793	233.871	648.04	7	30	124	9	28	32	122	126	6	12	228	10.7777	2.78746	0.778263	1	1	-1
2864.84	19901.9	1235.15	29.9456	200.027	1385.77	96.9807	96.9807	375.998	199.307	200.084	600.654	164.841	201.866	635.149	7	30	200	7	28	32	198	202	4	10	232	11.5439	2.74896	0.767513	1	1	-1
3035.6	5411.74	4098.41	30.7687	200.806	1366.66	82.7711	82.7711	414.337	200.744	200.411	601.219	235.6	211.742	698.412	7	31	55	21	29	33	53	57	18	24	231	11.1106	2.67767	0.74761	1	1	-1
3010.97	16808.9	3060.79	25.9521	199.224	1004.18	104.939	104.939	467.84	200.182	200.347	597.895	210.969	208.899	460.795	7	31	169	17	29	33	167	171	14	20	225	10.2024	2.61843	0.73107	1	1	-1
3123.82	3389.2	1830.86	25.75	200.114	1402.66	103.474	103.474	388.963	200.587	199.832	600.134	223.818	189.2	630.864	5	32	35	10	30	34	33	37	7	13	231	10.2596	2.49535	0.696707	1	1	-1
3102	22488.9	3593.92	29.939	199.863	1228.08	98.7237	98.7237	431.355	200.047	199.737	597.118	202.003	188.871	393.918	8	32	226	20	30	34	224	228	17	23	228	12.0309	2.87466	0.80261	1	1	-1
3186.12	12460.8	4491.86	29.4638	199.94	1487.46	97.6208	97.6208	376.916	199.558	199.247	601.606	186.115	160.814	691.859	7	33	126	23	31	35	124	128	20	26	227	10.6902	2.70524	0.755308	1	1	-1
3207.7	21779.9	1692.4	30.306	200.476	1222	89.459	89.459	370.46	199.969	199.549	601.349	207.702	179.874	692.401	7	33	219	9	31	35	217	221	6	12	228	11.6558	2.65584	0.741514	1	1	-1
3384.95	5716.7	2258.03	30.6943	200.133	1053.8	96.8968	96.8968	371.148	199.743	200.338	597.887	184.953	216.696	458.032	7	35	58	13	33	37	56	60	10	16	232	11.7402	2.7701	0.773416	1	1	-1
3400.98	20781.1	3835.8	24.7608	199.834	1385.29	103.181	103.181	418.406	200.034	199.79	598.286	200.977	181.133	435.802	7	35	209	21	33	37	207	211	18	24	224	9.32546	2.40597	0.671751	1	1	-1
3490.58	3000.78	2010.48	30.651	200.084	1425.45	93.3246	93.3246	424.997	199.615	200.02	599.682	190.575	200.775	610.478	6	36	31	11	34	38	29	33	8	14	227	11.4565	2.9716	0.829675	1	1	-1
3552.73	17865.7	2282.44	34.1147	200.377	1171.43	91.5309	91.5309	358.468	201.081	199.302	601.112	252.734	165.675	682.441	8	36	180	12	34	38	178	182	9	15	228	10.5255	2.96728	0.82847	1	1	-1
3625.51	10289	1642.45	24.2527	200.048	1218.63	100.318	100.318	426.457	200.507	199.824	600.655	225.51	189.021	642.454	6	37	104	9	35	39	102	106	6	12	223	9.89923	2.42196	0.676216	1	1	-1
3701.57	16698.9	3374.61	25.0122	199.515	1335.81	104.634	104.634	401.92	200.042	200.034	600.101	201.568	198.928	574.609	6	38	168	18	36	40	166	170	15	21	225	10.0905	2.52785	0.70578	1	1	-1
3942.08	17951.1	2945.94	23.6138	201.027	2045.02	101.875	101.875	374.067	200.525	198.869	598.666	242.08	151.104	545.94	7	40	181	16	38	42	179	183	13	19	227	8.00815	2.36694	0.660852	1	1	-1
3917.88	22244.2	1264.71	27.9735	200.231	1109.24	96.0678	96.0678	389.443	200.271	198.867	601.208	217.88	144.174	664.715	8	40	224	7	38	42	222	226	4	10	224	9.3903	2.60657	0.727757	1	1	-1
3977.6	1992.92	1257.12	28.7613	199.983	1524.82	95.9006	95.9006	389.579	199.561	199.678	601.45	177.604	192.922	657.119	7	41	21	7	39	43	19	23	4	10	234	11.0965	2.64099	0.737368	1	1	-1
4073.36	8732.09	4912.14	37.4105	201.352	1373.51	82.8642	82.8642	287.033	199.598	200.696	598.855	173.358	232.092	512.144	9	42	88	26	40	44	86	90	23	29	236	11.9114	2.72818	0.761713	1	1	-1
4221.98	13150.9	2573.51	26.6198	199.686	1538.03	102.962	102.962	415.781	200.501	199.108	599.575	221.979	150.912	573.508	7	43	133	14	41	45	131	135	11	17	225	9.75886	2.59192	0.723668	1	1	-1
4267.14	3231.85	2410.91	29.972	199.894	1430.91	98.3733	98.3733	385.106	199.237	200.716	600.129	167.137	231.851	610.914	7	44	33	13	42	46	31	35	10	16	228	10.7484	2.80127	0.78212	1	1	-1
4269.11	12786.7	4676.44	28.8376	199.742	1523.05	98.2967	98.2967	386.017	199.356	199.773	597.67	169.109	186.658	476.445	7	44	129	25	42	46	127	131	22	28	226	10.3955	2.63403	0.735426	1	1	-1
4362.63	4137.98	2666.88	27.2458	200.029	1651.52	98.8571	98.8571	401.634	199.286	200.588	598.114	162.634	237.982	466.877	8	45	42	15	43	47	40	44	12	18	225	9.34544	2.56058	0.714917	1	1	-1
4424.09	14034.8	2459.92	30.3404	199.487	1139.32	102.716	102.716	358.313	200.563	200.775	601.427	224.091	234.771	659.923	7	45	141	13	43	47	139	143	10	16	229	11.4403	2.72831	0.761747	1	1	-1
4685.28	20427.8	2982.96	28.231	200.169	1324.55	98.7374	98.7374	352.5	199.81	200.54	599.211	185.278	227.751	582.957	6	48	205	16	46	50	203	207	13	19	225	10.0516	2.52623	0.705327	1	1	-1
4930.27	14458.9	1136.17	27.3904	200.42	1113.35	95.476	95.476	364.885	200.493	199.261	599.233	230.269	158.857	536.166	7	50	146	7	48	52	144	148	4	10	225	9.38735	2.45603	0.685726	1	1	-1
4992.73	11768.9	1636.12	27.5442	200.287	1648.76	100.112	100.112	379.652	199.844	199.402	600.575	192.731	168.901	636.119	6	51	119	9	49	53	117	121	6	12	230	10.5448	2.54982	0.711915	1	1	-1
5048.95	19309.1	2428.08	29.847	201.147	3349.94	101.728	101.728	424.317	201.463	199.903	601.751	248.945	209.109	628.075	12	51	194	13	49	53	192	196	10	16	234	11.8085	3.12812	0.873376	1	1	-1
5034.2	22913	3604.85	23.9472	199.928	1565.84	109.174	109.174	423.579	200.665	200.17	599.966	234.199	213.047	604.854	6	51	230	19	49	53	228	232	16	22	227	9.67694	2.37643	0.663504	1	1	-1
5191.07	19221.5	2948.53	24.6376	200.582	2964.53	110.8	110.8	433.639	199.535	200.671	595.774	191.066	221.522	348.53	23	53	193	17	51	55	191	195	14	20	229	10.9967	2.74612	0.766721	1	1	-1
5403.07	4792.24	1757.08	25.073	199.181	1322.99	112.334	112.334	452.797	200.106	199.698	599.346	203.067	192.24	557.079	6	55	49	10	53	57	47	51	7	13	221	10.0514	2.53323	0.707283	1	1	-1
5378.93	21097.9	1449.57	29.6091	200.058	1312.06	100.065	100.065	383.929	199.503	199.796	601.161	178.928	197.855	649.574	6	55	212	8	53	57	210	214	5	11	224	11.5271	2.78166	0.776643	1	1	-1
5617.64	3385.25	1021.16	26.2	199.609	1213.92	100.619	100.619	461.84	200.339	199.776	597.794	217.64	185.251	421.155	8	57	35	7	55	59	33	37	4	10	225	9.922	2.608	0.728158	1	1	-1
5642.52	21298.2	4027.21	32.0496	200.129	1514.34	92.2952	92.2952	382.512	200.777	200.061	599.715	242.523	198.236	627.215	8	57	214	21	55	59	212	216	18	24	233	11.1976	2.86287	0.799319	1	1	-1
5648.04	1988.9	1956.89	26.9365	199.683	1871.24	106.189	106.189	670.017	198.655	199.708	601.378	148.038	188.896	756.887	9	58	21	10	56	60	19	23	7	13	229	9.84798	3.21067	0.896423	1	1	-1
5672.65	4612.62	2944.82	28.1202	200.683	1571.48	91.3497	91.3497	381.042	199.351	200.308	599.267	172.647	212.62	544.821	7	58	47	16	56	60	45	49	13	19	233	10.9855	2.5031	0.69887	1	1	-1
5763.37	5765.59	4186.01	28.9117	199.992	1319.12	94.3877	94.3877	392.011	199.275	199.364	599.966	163.368	165.588	586.008	6	59	59	22	57	61	57	61	19	25	225	10.1083	2.65166	0.740347	1	1	-1
6134.55	17131.8	4931.41	25.1035	199.682	1339.59	106.386	106.386	425.139	200.604	200.817	598.602	234.554	231.779	531.407	7	62	172	26	60	64	170	174	23	29	228	9.78525	2.49531	0.696696	1	1	-1
6268.2	24415.6	4272.07	26.3567	200.006	1294.68	99.1248	99.1248	353.715	199.501	200.213	601.565	168.203	215.567	672.069	7	64	245	22	62	66	243	247	19	25	223	9.06211	2.32209	0.648332	1	1	-1
6416.58	8399.59	3585.83	28.1005	199.625	1468.38	105.761	105.761	382.832	200.492	200.014	599.67	216.581	199.595	585.827	6	65	85	19	63	67	83	87	16	22	231	11.2616	2.69813	0.753324	1	1	-1
6387.24	13965.9	2491.97	27.8232	199.981	1110.05	99.0129	99.0129	392.906	199.701	199.41	598.277	187.235	165.862	491.972	7	65	141	14	63	67	139	143	11	17	224	10.162	2.60159	0.726367	1	1	-1
6487.16	4242.98	2341.03	30.5524	200.386	2212.63	100.975	100.975	730.72	199.577	198.334	601.094	187.158	142.976	741.028	8	66	44	12	64	68	42	46	9	15	232	11.5396	3.57997	0.999533	1	1	-1
6480.21	12662	4332.75	26.8102	199.979	1330.73	100.234	100.234	377.289	199.765	199.328	601.445	180.215	161.957	732.753	8	66	128	22	64	68	126	130	19	25	224	9.55133	2.45173	0.684526	1	1	-1
6893.81	23355.2	1153.02	28.2098	200.272	1673.46	95.3976	95.3976	407.921	199.877	201.143	599.312	193.814	255.244	553.022	7	70	234	7	68	72	232	236	4	10	228	10.2235	2.69333	0.751982	1	1	-1
6979.59	1931.73	2755.67	26.7225	198.724	1531.23	114.093	114.093	462.928	199.414	200.835	599.659	179.59	231.729	555.674	7	71	20	15	69	73	18	22	12	18	227	10.1379	2.74037	0.765117	1	1	-1
7145.1	7903.55	4271.41	27.1163	200.186	1575.01	96.1438	96.1438	391.947	200.714	200.199	598.309	245.096	203.549	471.413	7	72	80	23	70	74	78	82	20	26	235	9.50857	2.50322	0.698903	1	1	-1
7237.67	21634.5	2685.61	28.4536	200.444	1723.91	93.4072	93.4072	423.78	200.617	200.673	601.128	237.665	234.482	685.606	7	73	217	14	71	75	215	219	11	17	229	9.63657	2.66978	0.745407	1	1	-1
7294.98	451.127	4794.07	27.8003	199.952	1443.17	99.1893	99.1893	386.687	199.754	199.062	602.643	194.982	151.127	794.075	8	74	6	24	72	76	4	8	21	27	229	9.81798	2.5592	0.714534	1	1	-1
7341.82	18794.1	1727.18	27.7933	199.812	1533.78	103.304	103.304	373.659	200.856	199.927	598.741	241.818	194.147	527.178	6	74	189	10	72	76	187	191	7	13	230	10.8277	2.55145	0.712368	1	1	-1
7455.54	24011.3	1811.99	30.2812	200.185	1238.89	98.6668	98.6668	364.181	201.159	200.196	600.134	255.541	211.272	611.99	6	75	241	10	73	77	239	243	7	13	228	10.1437	2.64458	0.73837	1	1	-1
7455.57	20763.7	3173.09	28.651	200.344	1666.38	96.5862	96.5862	377.18	199.203	199.402	599.983	155.571	163.663	573.093	7	76	209	17	74	78	207	211	14	20	228	9.42585	2.5715	0.717967	1	1	-1
7607.59	5843.33	4069.1	25.3241	199.61	1139.82	105.506	105.506	441.887	200.129	200.85	601.56	207.593	243.327	669.098	6	77	59	21	75	79	57	61	18	24	223	9.2528	2.49935	0.697821	1	1	-1
7701.68	18626.5	3532.42	27.8382	199.832	1416.52	101.559	101.559	384.604	200.215	200.655	599.038	201.677	226.469	532.42	6	78	187	19	76	80	185	189	16	22	227	10.8974	2.60475	0.727249	1	1	-1
7755.8	18012	1995.72	23.4714	199.614	1442.38	109.829	109.829	378.546	199.145	200.249	599.703	155.797	211.978	595.719	6	79	181	11	77	81	179	183	8	14	223	8.70567	2.27075	0.633998	1	1	-1
7907.27	23375.3	2547.08	30.4785	199.664	1345.44	103.15	103.15	347.204	200.21	199.457	602.719	207.269	175.303	747.081	7	80	235	13	78	82	233	237	10	16	229	11.4522	2.62773	0.733666	1	1	-1
8091.82	6403.62	966.392	33.7736	200.199	1276.98	86.097	86.097	379.675	199.857	200.21	602.66	191.818	203.622	766.392	8	82	65	5	80	84	63	67	2	8	236	13.0139	2.98676	0.833909	1	1	-1
8086.89	14123.5	2039.95	26.2169	198.981	1328.55	110.371	110.371	425.698	199.695	200.431	600.705	186.894	223.468	639.951	6	82	142	11	80	84	140	144	8	14	223	9.6003	2.60681	0.727826	1	1	-1
8060.26	23017.1	2796.4	21.3792	199.398	1520.66	113.393	113.393	415.882	199.436	200.334	602.313	160.257	217.129	796.396	8	82	231	14	80	84	229	233	11	17	223	7.60446	2.09677	0.585421	1	1	-1
8177.21	17092.2	2084.07	25.9614	201.079	1646.16	93.3695	93.3695	447.42	199.665	200.192	599.71	177.208	192.159	484.074	8	83	172	12	81	85	170	174	9	15	228	10.3734	2.71748	0.758725	1	1	-1
8342.05	17380.8	3106.14	25.4167	201.411	1519.02	98.8144	98.8144	370.201	200.677	199.326	601.092	242.049	180.783	706.144	8	84	175	16	82	86	173	177	13	19	223	9.08729	2.40346	0.67105	1	1	-1
8445.41	2505.53	2518.73	27.3703	199.568	1229.51	107.505	107.505	366.595	200.929	200.126	598.299	245.409	205.534	518.731	7	85	26	14	83	87	24	28	11	17	231	10.5223	2.50116	0.698329	1	1	-1
8429.11	4115.65	2457.75	32.0286	200.361	1420.27	88.9708	88.9708	363.093	200.437	200.327	600.263	229.108	215.651	657.748	6	85	42	13	83	87	40	44	10	16	228	11.7836	2.71994	0.75941	1	1	-1
8405.08	6791.42	3745.67	27.2319	200.363	1327.76	100.889	100.889	394.059	200.273	199.874	599.291	205.082	191.425	545.675	7	85	69	20	83	87	67	71	17	23	230	10.4044	2.46073	0.68704	1	1	-1
8411.76	18437.8	2388.8	27.3403	199.843	1400.5	101.444	101.444	393.687	200.196	200.733	599.245	211.757	237.755	588.801	6	85	185	13	83	87	183	187	10	16	230	9.69224	2.54294	0.709992	1	1	-1
8485.11	25243.3	1442.34	26.3746	201.032	1450.29	93.0127	93.0127	357.962	200.031	200.629	601.325	185.111	243.319	642.341	8	86	253	8	84	88	251	255	5	11	224	8.92072	2.67787	0.747667	1	1	-1
8559.7	6617.26	1949.31	29.1315	200.316	1169.89	98.3928	98.3928	338.467	199.183	200.515	602.238	159.703	217.256	749.309	8	87	67	10	85	89	65	69	7	13	228	10.142	2.52724	0.705609	1	1	-1
8564	24801.3	999.479	30.7028	200.056	1165.74	97.9166	97.9166	362.478	199.338	200.064	600.43	164	201.27	599.479	5	87	249	6	85	89	247	251	3	9	230	11.0199	2.86882	0.800978	1	1	-1
8644.33	8809.38	4004.93	28.6111	199.699	1398.48	99.0792	99.0792	403.458	198.811	200.291	599.944	144.327	209.376	604.934	7	88	89	21	86	90	87	91	18	24	231	9.55285	2.68875	0.750705	1	1	-1
8738.63	17080	2648.11	32.5724	201.539	1750.02	84.0949	84.0949	314.374	200.701	199.936	597.738	238.626	179.958	448.106	9	88	172	15	86	90	170	174	12	18	233	10.8604	2.73756	0.764331	1	1	-1
8640.05	25186.7	2685.08	27.5172	200.372	2075.48	99.1405	99.1405	594.901	198.447	199.711	601.284	140.051	186.67	685.076	9	88	253	14	86	90	251	255	11	17	229	11.6751	3.11744	0.870394	1	1	-1
8844.08	15554.9	1841.66	28.431	199.854	1240.21	98.6114	98.6114	414.779	200.948	199.074	600.582	244.08	154.933	641.665	7	89	157	10	87	91	155	159	7	13	224	9.88989	2.77924	0.775967	1	1	-1
9104.43	21983.1	2285.28	30.5652	200.024	1218.57	94.4808	94.4808	374.173	200.215	199.675	598.176	204.434	183.128	485.284	7	92	221	13	90	94	219	223	10	16	229	11.3691	2.75334	0.768737	1	1	-1
9149.46	14900.5	2934.97	24.3248	199.885	1528.27	103.603	103.603	417.401	199.04	200.073	598.936	149.461	200.45	534.972	8	93	150	16	91	95	148	152	13	19	227	9.65626	2.37362	0.662718	1	1	-1
9314.52	16620.5	2106.52	28.4245	199.155	1364.99	106.643	106.643	422.6	200.349	200.347	602.13	214.522	220.473	706.515	7	94	167	11	92	96	165	169	8	14	224	10.7148	2.79945	0.781612	1	1	-1
9290.47	18297.8	3892.11	28.1466	199.513	1447.5	104.855	104.855	357.275	199.712	200.084	601.35	190.472	197.801	692.11	7	94	184	20	92	96	182	186	17	23	229	10.9855	2.58382	0.721406	1	1	-1
9352.88	16395.4	4926.57	25.1912	199.934	1247.08	100.938	100.938	413.095	199.017	199.98	601.607	152.882	195.385	726.571	8	95	165	25	93	97	163	167	22	28	223	9.31717	2.43774	0.680622	1	1	-1
9398.7	19930.8	2230.1	31.7915	200.728	1195.9	87.4295	87.4295	338.674	200.073	200.758	600.151	198.702	230.814	630.101	6	95	200	12	93	97	198	202	9	15	236	11.1955	2.6063	0.727682	1	1	-1
9431.2	23851.6	2123.22	25.2475	199.471	1384.61	102.096	102.096	459.507	200.549	201.023	599.462	231.199	251.647	523.22	7	95	239	12	93	97	237	241	9	15	224	8.32773	2.5728	0.718329	1	1	-1
9587.43	2688.35	1173.37	25.6668	200.144	1135.99	99.8478	99.8478	413.445	199.701	199.911	599.776	187.43	188.353	573.365	6	97	28	7	95	99	26	30	4	10	223	10.0036	2.40523	0.671545	1	1	-1
9725.75	24365.2	4272.12	27.1076	199.985	1254.41	93.2764	93.2764	394.967	200.306	199.282	601.223	225.75	165.242	672.124	7	98	245	22	96	100	243	247	19	25	228	9.72704	2.43707	0.680435	1	1	-1
9671.21	24979.2	2743.94	29.0618	199.532	1375.12	101.167	101.167	407.802	199.32	199.469	599.072	171.213	179.188	543.937	6	98	251	15	96	100	249	253	12	18	230	10.912	2.80446	0.783011	1	1	-1
9870.25	22116.8	2426.37	25.0918	199.838	1410.38	100.783	100.783	443.903	199.449	200.344	600.632	170.252	216.818	626.374	6	100	222	13	98	102	220	224	10	16	224	9.78446	2.45568	0.68563	1	1	-1
9974.42	5966.92	3540.86	27.0637	200.591	1232.24	86.9656	86.9656	397.043	199.627	199.426	598.896	174.421	166.916	540.861	7	101	61	19	99	103	59	63	16	22	224	9.66833	2.44058	0.681412	1	1	-1
9977.56	18364.8	4865.67	25.8655	199.124	1572.8	114.504	114.504	411.66	199.709	199.343	597.5	177.558	164.766	465.669	7	101	185	26	99	103	183	187	23	29	224	8.47659	2.53301	0.707222	1	1	-1
10048.6	1918.87	1176.87	24.8506	199.83	1076.08	103.212	103.212	422.024	199.054	200.481	599.798	148.637	218.874	576.867	7	102	20	7	100	104	18	22	4	10	223	8.90595	2.40456	0.671358	1	1	-1
10130.6	19125.5	4008.79	25.2448	199.61	1357	106.257	106.257	425.109	200.646	200.42	600.61	230.628	225.512	608.79	6	102	192	21	100	104	190	194	18	24	223	9.45366	2.46662	0.688684	1	1	-1
10451.5	6060.28	2109.12	31.5904	200.528	1429.61	89.8458	89.8458	404.718	200.854	199.168	598.783	251.508	160.284	509.121	8	105	62	12	103	107	60	64	9	15	225	9.95747	2.8241	0.788492	1	1	-1
10420.9	22808	4063.32	31.5061	199.801	1650.46	99.5439	99.5439	371.878	200.55	200.14	601.123	220.884	207.956	663.324	6	105	229	21	103	107	227	231	18	24	233	11.4488	2.94523	0.822312	1	1	-1
10454.1	18868.9	4941.31	29.4356	200.29	1491.28	93.7485	93.7485	397.606	199.159	199.567	598.697	154.066	168.923	541.31	8	106	190	26	104	108	188	192	23	29	225	9.06542	2.64278	0.737868	1	1	-1
10654.6	1090.15	1170.89	29.6994	200.552	1556.87	93.2222	93.2222	372.44	199.214	199.93	602.505	154.604	190.154	770.886	9	108	12	6	106	110	10	14	3	9	229	9.77152	2.56958	0.71743	1	1	-1
10706.1	11350.1	4246.92	26.7262	199.054	1160.4	111.398	111.398	419.875	199.947	198.932	600.895	206.082	150.108	646.923	6	108	115	22	106	110	113	117	19	25	224	9.58034	2.59878	0.725582	1	1	-1
10665.9	15721.2	1598.84	26.0703	200.853	1317.25	93.5938	93.5938	404.462	199.394	200.374	599.575	165.909	221.196	598.841	6	108	158	9	106	110	156	160	6	12	227	9.57151	2.40874	0.672525	1	1	-1
10765.3	12532.1	2218.98	27.9996	199.902	1286.95	98.5031	98.5031	419.578	199.212	200.752	600.509	165.28	232.09	618.985	7	109	126	12	107	111	124	128	9	15	228	10.4383	2.651	0.740163	1	1	-1
10846.1	16072.2	2768.48	31.8703	200.638	1294.28	86.657	86.657	388.212	200.945	199.307	599.469	246.124	172.155	568.482	8	109	162	15	107	111	160	164	12	18	229	11.1295	2.76862	0.773002	1	1	-1
10885.4	8905	1983.32	24.925	200.693	1787.25	95.1462	95.1462	398.996	199.718	200.243	599.681	185.428	205.001	583.319	6	110	90	11	108	112	88	92	8	14	226	10.2103	2.33555	0.65209	1	1	-1
10865.2	15295.4	3609.04	30.5589	200.01	1475.57	90.1598	90.1598	397.662	199.317	199.91	600.196	165.204	195.428	609.045	6	110	154	19	108	112	152	156	16	22	226	11.3782	2.82317	0.788234	1	1	-1
11021.8	3487.39	1281.96	24.5391	200.055	1264.76	105.047	105.047	367.193	200.414	199.871	601.422	221.817	187.387	681.962	6	111	36	7	109	113	34	38	4	10	225	9.57255	2.21535	0.61853	1	1	-1
11040.2	23440.9	2973.15	26.893	200.805	1286.89	94.5556	94.5556	372.293	200.604	200.78	599.732	240.248	240.868	573.148	7	111	235	16	109	113	233	237	13	19	225	8.53883	2.4122	0.673489	1	1	-1
11219.8	18093.6	4463.53	26.844	199.166	1394.59	105.783	105.783	425.073	200.319	199.762	597.681	219.804	193.637	463.531	7	113	182	24	111	115	180	184	21	27	229	10.2767	2.69016	0.751097	1	1	-1
11305.4	9831.72	4785.21	26.1107	199.636	1308.37	99.1806	99.1806	437.397	200.042	200.689	599.978	205.351	231.724	585.212	5	114	99	25	112	116	97	101	22	28	226	10.0643	2.56449	0.716009	1	1	-1
11308.5	23642.6	1195.1	25.0835	199.72	1410	116.503	116.503	371.563	200.313	200.871	599.676	208.505	242.608	595.1	7	114	237	7	112	116	235	239	4	10	229	9.20447	2.38719	0.666508	1	1	-1
11388.5	22753.4	4146.66	30.1326	200.797	1675.98	87.6614	87.6614	364.161	199.732	199.041	599.687	188.523	153.421	546.658	9	115	229	22	113	117	227	231	19	25	236	10.1924	2.5524	0.712635	1	1	-1
11398.7	24635.7	3262.08	27.9426	199.803	1542.43	98.0951	98.0951	425.487	199.966	200.739	597.834	198.677	235.676	462.08	8	115	247	18	113	117	245	249	15	21	234	10.6908	2.69684	0.752962	1	1	-1
11458.5	5782.25	3851.7	23.8422	199.767	1257.2	104.012	104.012	417.327	199.311	199.765	600.796	158.522	182.251	651.696	6	116	59	20	114	118	57	61	17	23	225	8.65957	2.2961	0.641075	1	1	-1
11510.5	6687.94	2318.18	25.922	199.683	1288.32	105.631	105.631	409.009	200.182	199.572	598.887	210.526	187.937	518.179	7	116	68	13	114	118	66	70	10	16	226	10.456	2.49245	0.695896	1	1	-1
11555.6	1419.05	2026.69	28.0427	199.264	1699.39	108.293	108.293	430.817	199.103	200.324	597.418	155.644	219.051	426.694	8	117	15	12	115	119	13	17	9	15	226	10.3825	2.76573	0.772197	1	1	-1
11711	17288.5	1336.41	28.2631	200.164	1259.3	90.3481	90.3481	426.37	200.4	199.908	599.423	210.973	188.469	536.407	6	118	174	8	116	120	172	176	5	11	225	10.82	2.6496	0.739771	1	1	-1
11763.6	713.324	1065.85	26.477	199.801	1472.33	101.441	101.441	404.381	199.255	200.14	597.967	163.605	213.324	465.848	8	119	8	7	117	121	6	10	4	10	227	9.69036	2.56421	0.71593	1	1	-1
11822.7	3653.54	2389.71	27.8824	200.153	1555.65	101.185	101.185	387.194	200.436	201.246	599.86	222.723	253.536	589.711	7	119	37	13	117	121	35	39	10	16	233	10.1073	2.63818	0.736583	1	1	-1
11885.8	16085	1893.64	27.2015	201.2	1631.74	85.6389	85.6389	403.38	199.933	199.955	599.374	185.784	184.959	493.643	7	120	162	11	118	122	160	164	8	14	229	10.1689	2.50865	0.700418	1	1	-1
12031.6	10448.1	1184.05	27.8107	199.627	1262.49	101.489	101.489	389.594	200.552	200.911	602.875	231.637	248.144	784.051	8	121	105	6	119	123	103	107	3	9	228	9.60498	2.59639	0.724916	1	1	-1
11995.9	12125.5	1445.45	24.8723	198.333	1387.14	116.727	116.727	450.902	199.927	200.473	600.74	195.875	225.454	645.453	6	121	122	8	119	123	120	124	5	11	220	8.87195	2.5182	0.703085	1	1	-1
12173.1	16338.1	2822.78	25.3486	200.401	1363.82	101.539	101.539	406.502	199.43	200.735	597.507	173.078	238.136	422.781	8	123	164	16	121	125	162	166	13	19	220	9.01595	2.42213	0.676263	1	1	-1
12286.6	3839.15	1419.92	28.2237	199.932	1412.7	97.1656	97.1656	403.985	199.807	200.73	600.403	186.629	239.15	619.918	6	124	39	8	122	126	37	41	5	11	227	9.90936	2.68434	0.749472	1	1	-1
12291.4	16439.8	4412.61	25.4412	199.712	1192.69	103.291	103.291	416.755	199.871	200.834	600.202	191.378	239.832	612.61	6	124	165	23	122	126	163	167	20	26	223	9.15791	2.47652	0.691448	1	1	-1
12441.9	22386.9	1877.6	27.6193	200.258	1543.81	91.6803	91.6803	425.281	200.756	199.689	598.46	241.928	186.851	477.597	7	125	225	11	123	127	223	227	8	14	226	9.80427	2.60978	0.728654	1	1	-1
12515	1748.07	4396.35	25.2583	199.768	1576.02	111.305	111.305	368.887	200.372	199.037	602.592	215.031	148.066	796.349	8	126	19	22	124	128	17	21	19	25	227	8.66951	2.3836	0.665505	1	1	-1
12492.6	15001.1	3263.65	29.0113	200.022	1388.15	98.2428	98.2428	369.928	199.852	200.008	601.365	192.641	201.073	663.647	6	126	151	17	124	128	149	153	14	20	229	11.237	2.58746	0.722422	1	1	-1
12561.1	1120.42	1400.09	26.4464	199.954	1260.7	96.1834	96.1834	423.167	199.317	200.356	599.866	161.146	220.416	600.088	6	127	12	8	125	129	10	14	5	11	224	9.51126	2.5784	0.719894	1	1	-1
12564.5	8702.05	2380.26	29.4625	199.537	1067.02	99.1952	99.1952	393.188	199.345	199.919	599.821	164.482	202.05	580.259	5	127	88	13	125	129	86	90	10	16	226	11.243	2.75025	0.767874	1	1	-1
12658.7	4455.41	4453.42	27.7996	199.499	1333.64	110.401	110.401	355.192	199.214	201.125	600.739	158.739	255.406	653.419	7	128	45	23	126	130	43	47	20	26	227	8.98185	2.57752	0.719647	1	1	-1
12690.3	9048.94	3673.71	23.728	200.389	1184.73	101.662	101.662	380.734	199.754	200.728	601.019	190.269	248.936	673.714	7	128	91	19	126	130	89	93	16	22	224	8.62048	2.25089	0.628451	1	1	-1
12710.8	24808.8	3405.48	22.5017	199.065	1431.23	118.585	118.585	428.751	200.442	200.227	599.894	210.8	208.759	605.481	6	128	249	18	126	130	247	251	15	21	223	8.79725	2.22072	0.620029	1	1	-1
12825.5	3698.29	2862.69	30.0477	199.422	1550.27	106.186	106.186	405.585	200.393	200.053	601.055	225.548	198.287	662.694	7	129	38	15	127	131	36	40	12	18	227	10.7315	2.95117	0.82397	1	1	-1
12849.5	5951.79	3205.95	26.2751	199.455	1054.19	111.552	111.552	396.312	200.988	199.088	596.872	249.475	151.788	405.954	8	129	61	18	127	131	59	63	15	21	225	8.21097	2.48206	0.692994	1	1	-1
12814.6	11295.5	2465.08	27.0267	200.055	1457	94.7566	94.7566	446.482	200.232	199.958	598.259	214.584	195.537	465.08	7	129	114	14	127	131	112	116	11	17	227	10.4375	2.6077	0.728075	1	1	-1
12848.7	2206.4	3300.04	27.13	200.437	1151.11	90.8297	90.8297	415.559	199.085	200.224	598.645	148.686	206.396	500.039	7	130	23	18	128	132	21	25	15	21	229	10.1293	2.52258	0.704307	1	1	-1
13246.4	13009.1	4231.81	25.5501	199.787	1144.17	105.595	105.595	430.964	200.995	200.221	600.581	246.358	209.068	631.813	6	133	131	22	131	135	129	133	19	25	224	9.17672	2.55101	0.712246	1	1	-1
13253.2	915.474	2344.35	27.765	200.095	1666.6	101.813	101.813	373.216	199.116	200.386	602.354	153.239	215.474	744.349	7	134	10	12	132	136	8	12	9	15	231	9.22454	2.55072	0.712165	1	1	-1
13317.3	7512.21	3707.42	27.7225	199.923	1005.57	98.0935	98.0935	366.967	200.213	200.157	598.599	217.26	212.206	507.422	7	134	76	20	132	136	74	78	17	23	224	10.797	2.52652	0.705409	1	1	-1
13329.1	10399.5	2777.33	30.1133	200.199	1096.19	92.9575	92.9575	363.519	200.602	200.106	599.765	229.125	199.478	577.331	5	134	105	15	132	136	103	107	12	18	228	11.2999	2.62475	0.732834	1	1	-1
13447.3	13045.1	1269.95	25.7541	199.996	1389.85	103.836	103.836	415.489	199.08	200.939	601.157	147.298	245.051	669.947	7	136	131	7	134	138	129	133	4	10	225	8.33829	2.44977	0.683979	1	1	-1
13576.3	11493.9	3921.31	32.3267	200.408	1233.61	88.7962	88.7962	356.245	199.429	199.924	601.836	176.281	193.927	721.308	7	137	116	20	135	139	114	118	17	23	232	12.1628	2.7606	0.770763	1	1	-1
13791.3	6033.53	3815.99	29.1389	200.524	1410.77	89.9062	89.9062	377.758	199.818	200.453	600.47	191.335	233.529	615.991	7	139	61	20	137	141	59	63	17	23	230	11.1206	2.62001	0.731511	1	1	-1
13806.2	14877.1	3680.91	27.5341	199.206	1185.29	111.369	111.369	413.726	200.134	199.405	598.079	206.198	177.097	480.906	7	139	150	20	137	141	148	152	17	23	226	10.5691	2.63382	0.735366	1	1	-1
13813.4	20054.5	1132.41	26.8487	200.18	1426.1	103.748	103.748	350.023	200.389	199.164	598.865	213.438	154.468	532.406	6	139	202	7	137	141	200	204	4	10	228	9.23677	2.34179	0.653831	1	1	-1
13861.7	20933.3	2519.07	26.6293	200.433	1574.8	97.324	97.324	398.555	199.494	200.978	600.962	161.721	233.318	719.065	9	140	210	13	138	142	208	212	10	16	228	9.20704	2.67326	0.746378	1	1	-1
13948.3	23411.9	2249.18	22.8135	200.082	3219.29	119.61	119.61	507.232	201.092	200.347	601.255	248.276	211.874	649.181	12	140	235	12	138	142	233	237	9	15	227	9.77411	2.58557	0.721895	1	1	-1
13963.5	21059.2	1288.52	24.3897	199.248	1410.86	113.615	113.615	463.522	199.332	199.014	601.665	163.523	159.204	688.516	8	141	212	7	139	143	210	214	4	10	224	8.82345	2.54418	0.710338	1	1	-1
13982.9	24164.1	3788.6	32.0831	199.97	1442.26	92.7007	92.7007	379.474	199.586	199.248	599.603	182.894	164.062	588.604	5	141	243	20	139	143	241	245	17	23	232	12.001	2.87165	0.801768	1	1	-1
14160.3	23475	2929.3	27.0861	200.825	4255.65	118.115	118.115	691.009	199.023	199.311	600.329	160.262	175.021	729.304	10	143	236	15	141	145	234	238	12	18	232	10.9291	3.58164	1	1	1	-1
14198.1	25213.2	3644.56	30.2777	200.022	1362.67	94.4232	94.4232	417.393	199.835	200.321	600.715	198.12	213.157	644.559	6	143	253	19	141	145	251	255	16	22	234	12.3049	2.88272	0.804859	1	1	-1
14315.8	8993.3	1569.59	24.8253	200.063	1541.36	97.8216	97.8216	454.411	200.106	199.866	601.965	215.802	193.3	769.593	8	144	91	8	142	146	89	93	5	11	227	10.6124	2.48112	0.692734	1	1	-1
14273.6	17000.9	4256.7	27.1537	199.964	1564.24	99.1875	99.1875	379.411	199.392	200.098	600.672	173.56	200.948	656.703	6	144	171	22	142	146	169	173	19	25	228	10.6779	2.51971	0.703508	1	1	-1
14261.6	21838.8	2882.26	26.7889	200.503	1212.12	96.1606	96.1606	366.071	199.449	200.739	598.36	161.554	238.788	482.262	7	144	219	16	142	146	217	221	13	19	223	8.94589	2.39363	0.668306	1	1	-1
14395.5	21219.9	2335.82	25.5699	199.785	1187.93	107.907	107.907	389.54	199.768	200.514	598.921	195.524	219.95	535.818	6	145	213	13	143	147	211	215	10	16	223	10.1778	2.45324	0.684947	1	1	-1
14596.2	1159.95	1898.76	25.6612	200.03	1424.28	100.321	100.321	429.484	199.961	199.217	598.467	196.198	159.946	498.759	7	147	13	11	145	149	11	15	8	14	229	9.94789	2.46144	0.687237	1	1	-1
14666.4	6420.09	1312.12	24.6016	199.968	1413.69	103.7	103.7	416.795	199.399	200.408	598.579	166.372	220.087	512.118	7	148	65	8	146	150	63	67	5	11	223	9.39179	2.40016	0.670128	1	1	-1
14680.9	15606.2	4835.95	27.3278	200.653	1278.29	95.0853	95.0853	346.803	199.796	199.978	600.733	180.885	206.249	635.945	6	148	157	25	146	150	155	159	22	28	229	10.0954	2.52654	0.705414	1	1	-1
14739.9	20545.8	2917.35	27.3444	200.456	1468.14	91.0912	91.0912	417.36	200.73	200.862	601.584	239.889	245.84	717.355	8	148	206	15	146	150	204	208	12	18	232	9.28593	2.57269	0.718298	1	1	-1
14675.8	23598.8	2234.57	31.629	201.552	1800.02	83.1329	83.1329	345.74	199.567	200.396	600.776	175.806	198.773	634.571	6	148	237	12	146	150	235	239	9	15	242	11.5625	2.69655	0.752881	1	1	-1
14774.9	8187.55	1723.32	22.3704	199.735	1649.57	111.991	111.991	399.794	199.46	199.899	598.679	174.922	187.554	523.318	8	149	83	10	147	151	81	85	7	13	224	9.32828	2.21244	0.617717	1	1	-1
14814.7	15168.5	4503.6	25.9541	200.119	1354.68	105.183	105.183	403.541	200.24	199.567	598.464	214.724	168.505	503.601	7	149	153	24	147	151	151	155	21	27	225	9.45141	2.64364	0.738108	1	1	-1
14801.5	23472.5	4282.33	29.5353	200.103	1296.3	92.6594	92.6594	379.438	199.95	199.644	600.689	201.479	172.533	682.331	7	149	236	22	147	151	234	238	19	25	225	10.753	2.63353	0.735285	1	1	-1
14828.9	24034.2	3215.64	31.3673	200.099	1388.68	91.1661	91.1661	390.183	200.562	200.699	599.944	228.945	234.165	615.643	7	149	241	17	147	151	239	243	14	20	227	11.3405	2.85611	0.797429	1	1	-1
14851.3	5782.53	2324.76	25.5166	200.504	1674.8	95.7829	95.7829	441.106	198.946	199.642	599.206	151.338	182.53	524.758	7	150	59	13	148	152	57	61	10	16	224	9.20242	2.4291	0.67821	1	1	-1
14935.1	9264.83	1227.57	34.5561	200.899	1210.72	84.9487	84.9487	336.422	200.69	199.609	600.034	235.104	164.825	627.572	7	150	94	7	148	152	92	96	4	10	231	11.1008	2.76004	0.770606	1	1	-1
14972.4	3563.87	3496.22	21.9268	199.693	1364.09	107.663	107.663	418.407	199.504	199.38	601.503	172.404	163.869	696.217	7	151	37	18	149	153	35	39	15	21	222	7.90719	2.1539	0.601373	1	1	-1
14977.3	20074	1890.12	30.5696	200.458	1340.18	96.2737	96.2737	367.802	199.414	199.431	598.493	177.28	173.999	490.116	7	151	202	11	149	153	200	204	8	14	230	11.708	2.77638	0.775169	1	1	-1
15091.7	14915.3	1217.3	25.2263	198.924	1484.24	114.331	114.331	389.572	199.849	200.289	600.331	191.714	215.335	617.303	5	152	150	7	150	154	148	152	4	10	228	9.98721	2.44188	0.681776	1	1	-1
15108.8	19552.8	1428.49	26.1718	200.335	1215.64	96.7184	96.7184	385.777	200	199.132	600.582	208.808	152.846	628.494	6	152	197	8	150	154	195	199	5	11	225	9.38525	2.60065	0.726105	1	1	-1
15204	12014.4	4599.75	27.262	200.223	1350.34	94.8431	94.8431	403.288	199.922	200.224	597.687	203.983	214.41	399.748	8	153	121	25	151	155	119	123	22	28	230	10.6201	2.52707	0.705561	1	1	-1
15320.3	453.001	3311.57	28.2989	200.117	1669.14	97.5942	97.5942	425.361	200.26	201.025	601.922	220.304	253.001	711.57	8	154	5	17	152	156	3	7	14	20	238	10.2655	2.71903	0.759158	1	1	-1
15407.1	11115.5	1804.79	30.7956	200.858	1254.48	87.1215	87.1215	392.639	199.961	200.198	599.81	207.087	215.475	604.794	6	155	112	10	153	157	110	114	7	13	236	11.9195	2.69618	0.752778	1	1	-1
15350.3	16081.7	1903.02	27.7737	200.164	1444.61	97.4211	97.4211	388.975	199.007	199.715	601.281	150.294	181.661	703.023	8	155	162	10	153	157	160	164	7	13	226	9.85197	2.58265	0.72108	1	1	-1
15453.5	18122.7	1293.51	23.8638	199.998	1472.63	106.596	106.596	423.189	201.035	200.447	598.915	253.509	222.702	493.507	7	155	182	8	153	157	180	184	5	11	222	8.47844	2.31439	0.646181	1	1	-1
15572.6	17557.3	3637.84	24.43	199.564	1389.15	107.065	107.065	464.263	199.413	199.158	600.33	172.629	157.339	637.835	7	157	177	19	155	159	175	179	16	22	224	8.76383	2.42061	0.675839	1	1	-1
15713.3	6623.58	3638.39	25.7946	201.475	2349.3	97.1194	97.1194	384.614	200.549	200.27	596.586	213.345	223.578	438.386	9	158	67	20	156	160	65	69	17	23	228	10.6452	2.52936	0.706202	1	1	-1
15780.3	2697.99	3654.11	28.0357	200.12	1472.97	98.079	98.079	398.417	199.807	199.88	601.168	180.309	197.986	654.109	6	159	28	19	157	161	26	30	16	22	226	11.0369	2.5863	0.722099	1	1	-1
15756.3	5731.28	1599.18	28.7003	200.544	1343.46	91.4613	91.4613	380.962	199.245	200.713	599.25	156.274	231.278	599.184	8	159	58	9	157	161	56	60	6	12	228	9.87459	2.51224	0.701421	1	1	-1
15821.8	18741.8	3689.74	28.1815	199.847	1206.48	96.0414	96.0414	397.603	200.569	200.815	601.373	221.751	241.843	689.743	7	159	188	19	157	161	186	190	16	22	224	10.0517	2.59226	0.723763	1	1	-1
16016.9	1911.82	3775.19	25.9722	199.424	1438.87	103.791	103.791	443.854	200.185	200.271	599.384	216.919	211.822	575.19	6	161	20	20	159	163	18	22	17	23	225	9.67056	2.56333	0.715685	1	1	-1
15937.3	6440.44	3042.33	22.1116	199.174	2043.76	120.302	120.302	502.064	198.67	201.034	600.849	137.288	240.441	642.333	9	161	65	16	159	163	63	67	13	19	225	8.26672	2.43147	0.678869	1	1	-1
16213	3600.99	3568.3	25.3654	200.478	1269.2	97.3429	97.3429	402.007	200.341	199.855	599.575	212.955	200.989	568.298	7	163	37	19	161	165	35	39	16	22	229	9.96002	2.37834	0.664037	1	1	-1
16224.4	11608.1	2999.94	25.1638	199.52	1113.17	110.66	110.66	402.53	200.668	200.126	599.899	224.355	208.11	599.936	5	163	117	16	161	165	115	119	13	19	222	9.66063	2.42093	0.675926	1	1	-1
16330.4	8205.5	4603.31	32.4769	200.226	1221.88	89.2221	89.2221	382.865	200.531	200.034	599.72	230.351	205.496	603.313	6	164	83	24	162	166	81	85	21	27	230	11.7149	2.81652	0.786376	1	1	-1
16609.8	22079.2	1696.82	26.8917	199.73	1220.97	105.188	105.188	400.959	200.26	199.578	601.442	209.763	179.213	696.824	7	167	222	9	165	169	220	224	6	12	227	10.5498	2.5865	0.722154	1	1	-1
16720.7	22699.9	1169.51	28.5632	200.704	1547.75	85.4278	85.4278	418.558	200.297	199.871	599.547	220.713	199.898	569.515	7	168	228	7	166	170	226	230	4	10	232	10.4027	2.51194	0.701336	1	1	-1
16826.1	1083.06	1008.18	28.9114	200.576	1711.78	93.7286	93.7286	393.474	200.676	199.433	600.38	226.078	183.06	608.175	6	169	12	6	167	171	10	14	3	9	234	11.0372	2.66652	0.744497	1	1	-1
16796	7108.82	1486.96	30.2916	200.019	1647.19	96.3064	96.3064	355.67	199.835	200.129	601.187	195.987	208.821	686.961	7	169	72	8	167	171	70	74	5	11	233	11.5748	2.71994	0.759413	1	1	-1
16772.9	22770.7	2861.37	28.8525	199.723	1588.76	102.468	102.468	361.179	199.521	199.538	600.957	172.881	170.653	661.366	7	169	229	15	167	171	227	231	12	18	226	10.1232	2.58933	0.722946	1	1	-1
17034.6	2253.53	4206.6	31.2258	200.766	1322.89	89.7912	89.7912	357.472	200.752	199.38	599.939	234.606	153.527	606.605	7	171	24	22	169	173	22	26	19	25	225	10.1563	2.69892	0.753543	1	1	-1
16976.2	5786.72	2859.45	25.7908	199.424	1212.11	108.978	108.978	399.516	199.493	199.689	597.806	176.203	186.723	459.446	8	171	59	16	169	173	57	61	13	19	223	9.63084	2.4737	0.690661	1	1	-1
17007.8	20621.9	3193.76	29.8912	200.473	1331.96	93.3305	93.3305	347.111	199.95	200.417	599.731	207.808	221.882	593.759	6	171	207	17	169	173	205	209	14	20	228	11.2152	2.71648	0.758446	1	1	-1
17101.9	8278.16	2901.93	30.8403	201.981	1569.71	78.2773	78.2773	301.11	200.207	199.964	601.75	201.879	178.16	701.93	8	172	84	15	170	174	82	86	12	18	232	9.82242	2.27566	0.635368	1	1	-1
17092.3	20062	2800.4	27.6011	199.778	1301.6	102.089	102.089	410.546	199.869	199.251	600.716	192.335	161.975	600.399	7	172	202	15	170	174	200	204	12	18	225	9.77293	2.71331	0.75756	1	1	-1
17246.3	6951.91	2595.58	32.1142	199.973	1436.59	92.2591	92.2591	369.827	200.854	201.125	600.342	246.255	251.914	595.585	7	173	70	14	171	175	68	72	11	17	230	9.60425	2.91055	0.81263	1	1	-1
17326.9	2609.54	3168.05	27.0407	200.574	1458.82	91.1487	91.1487	398.979	200.462	199.992	600.028	226.897	209.537	568.052	5	174	27	17	172	176	25	29	14	20	226	10.251	2.546	0.710846	1	1	-1
17267.5	17512.9	2825.62	26.5938	199.369	1321.48	103.275	103.275	465.136	199.258	200.162	597.582	167.498	212.914	425.62	8	174	176	16	172	176	174	178	13	19	228	9.88297	2.67933	0.748072	1	1	-1
17402.9	3390.33	2133.8	26.3763	199.688	1159.68	105.163	105.163	371.234	200.092	199.829	599.065	202.924	190.329	533.804	6	175	35	12	173	177	33	37	9	15	222	9.82561	2.39572	0.668889	1	1	-1
17430.9	8563.69	3252.3	27.2389	200.804	1321.77	97.2641	97.2641	393.196	200.452	199.342	597.567	230.854	163.689	452.303	8	175	87	18	173	177	85	89	15	21	222	9.03981	2.5018	0.698506	1	1	-1
17383.4	20924	2324.72	27.9605	199.911	1305.13	103.782	103.782	369.562	199.706	200.453	602.153	183.411	224.002	724.718	7	175	210	12	173	177	208	212	9	15	228	10.0772	2.57924	0.720127	1	1	-1
17938	335.505	2183.41	27.2681	199.055	1628.47	106.726	106.726	437.205	200.89	200.775	599.491	237.993	235.505	583.407	6	180	4	12	178	182	2	6	9	15	222	9.7391	2.73585	0.763854	1	1	-1
17890.2	2809.62	3180.72	31.9492	200.421	1381.5	91.3302	91.3302	382.852	199.925	200.145	599.218	190.179	209.616	580.717	5	180	29	17	178	182	27	31	14	20	237	12.1707	2.93659	0.819901	1	1	-1
17884.3	14345.9	1475.13	23.9641	200.24	1273.41	102.221	102.221	393.706	199.972	200.747	598.359	184.259	245.906	475.129	8	180	144	9	178	182	142	146	6	12	222	8.12409	2.28215	0.637181	1	1	-1
17968.2	8440.23	1705.5	29.0739	200.533	1270.88	97.1778	97.1778	365.97	199.517	200.645	598.794	168.188	240.23	505.502	7	181	85	10	179	183	83	87	7	13	225	9.53615	2.77307	0.774247	1	1	-1
17962.8	8974.59	1313.9	35.3486	200.805	1466.62	82.4468	82.4468	370.057	199.354	199.542	601.688	162.803	174.585	713.897	7	181	91	7	179	183	89	93	4	10	230	11.9804	2.95198	0.824198	1	1	-1
18005.5	16038.6	2730.08	25.4181	200.434	1229.61	100.533	100.533	409.82	200.022	200.723	598.978	205.546	238.618	530.085	6	181	161	15	179	183	159	163	12	18	224	9.23264	2.4624	0.687506	1	1	-1
18032.9	22812.3	4961.93	30.9754	200.086	1237.55	93.8844	93.8844	364.891	200.448	200.039	602.609	232.854	212.277	761.932	8	181	229	25	179	183	227	231	22	28	226	10.5804	2.71144	0.757037	1	1	-1
18097.4	6332.18	1730.71	24.7964	199.485	1776.14	106.046	106.046	422.551	199.922	200.63	601.529	197.416	232.178	730.706	8	182	64	9	180	184	62	66	6	12	224	9.15636	2.45463	0.685336	1	1	-1
18083.7	7919	1946.51	23.8973	199.722	1417.56	107.042	107.042	423.613	199.74	200.229	599.373	183.734	219.003	546.514	6	182	80	11	180	184	78	82	8	14	230	9.00897	2.47824	0.691929	1	1	-1
18117.6	16445.4	1945.11	30.2797	201.177	1594.02	86.4405	86.4405	375.631	200.268	200.553	600.447	217.614	245.391	545.11	7	182	165	11	180	184	163	167	8	14	230	10.676	2.76148	0.77101	1	1	-1
18229.6	7443.98	1781.53	24.5533	198.853	1250.01	116.236	116.236	453.119	200.619	200.812	597.261	229.609	243.978	381.532	8	183	75	11	181	185	73	77	8	14	222	8.44923	2.5305	0.706518	1	1	-1
18367.4	1725.15	3277.74	29.7754	200.47	1187.97	91.6431	91.6431	328.159	199.568	200.535	598.106	167.405	225.151	477.74	7	185	18	18	183	187	16	20	15	21	226	10.4157	2.42335	0.676602	1	1	-1
18516.5	16368.4	3736.53	30.3959	200.475	1559.84	92.47	92.47	354.056	200.299	199.483	598.736	216.507	168.374	536.534	7	186	165	20	184	188	163	167	17	23	227	11.2302	2.64546	0.738616	1	1	-1
18475.8	17346.7	1801.1	27.389	199.919	1415.31	103.417	103.417	411.576	199.402	200.827	600.318	175.836	246.739	601.103	7	186	174	10	184	188	172	176	7	13	230	9.96702	2.6142	0.729888	1	1	-1
18678	20704	3131.05	29.9408	200.039	1289.78	100.226	100.226	375.353	199.604	200.07	599.246	177.978	204.011	531.047	7	188	208	17	186	190	206	210	14	20	225	11.4927	2.80143	0.782163	1	1	-1
18921.1	1062.64	3633.35	29.9414	199.809	1508.13	104.507	104.507	361.524	200.631	199.034	600.369	221.093	162.641	633.352	7	190	12	19	188	192	10	14	16	22	231	11.559	2.72111	0.759738	1	1	-1
18878.6	6141.19	4491.18	29.8076	200.59	1468.66	92.8419	92.8419	394.738	199.687	200.656	601.2	178.637	241.194	691.178	7	190	62	23	188	192	60	64	20	26	231	10.0583	2.74717	0.767013	1	1	-1
19098.1	8431.5	2448.32	29.0458	199.934	1144.83	101.387	101.387	348.648	200.028	200.643	600.957	198.074	231.503	648.323	6	192	85	13	190	194	83	87	10	16	228	11.0294	2.56867	0.717177	1	1	-1
19054.9	14676.9	2253.42	25.3468	200.194	1625.67	106.002	106.002	400.878	199.243	199.673	600.944	154.872	176.91	653.42	7	192	148	12	190	194	146	150	9	15	224	9.00519	2.44173	0.681734	1	1	-1
19597.9	4025.24	1898.36	24.94	199.339	1276.23	111.683	111.683	414.919	200.031	200.406	598.445	197.866	225.242	498.361	7	197	41	11	195	199	39	43	8	14	220	9.38254	2.39136	0.667671	1	1	-1
19671.7	9528.81	1035.34	26.3388	199.283	1364.13	108.721	108.721	399.932	199.496	200.697	600.358	171.699	228.806	635.335	6	198	96	6	196	200	94	98	3	9	224	9.67755	2.51517	0.70224	1	1	-1
19879.2	9937.28	4247.92	31.4156	199.479	1275.22	97.1542	97.1542	407.65	199.664	200.73	601.158	179.155	237.284	647.915	6	200	100	22	198	202	98	102	19	25	231	11.4351	2.96699	0.828389	1	1	-1
19956.5	4602.01	4636.8	24.2398	200.239	1166.35	101.286	101.286	434.292	199.312	200.048	600.302	156.46	202.012	636.798	7	201	47	24	199	203	45	49	21	27	223	8.84289	2.41287	0.673676	1	1	-1
19973.2	23186.4	1797.5	26.9346	200.051	1462.74	93.8004	93.8004	412.738	199.513	199.742	599.871	173.188	186.425	597.499	6	201	233	10	199	203	231	235	7	13	222	10.363	2.51476	0.702124	1	1	-1
20360	3257.94	3661.58	35.7166	200.094	1624.68	91.0728	91.0728	336.957	199.211	199.194	601.102	160.004	157.938	661.584	7	205	34	19	203	207	32	36	16	22	235	11.0273	2.97952	0.831887	1	1	-1
20373.3	22494.2	4464.81	28.5756	199.755	1512.04	96.6682	96.6682	405.348	199.476	200.008	600.487	173.323	194.188	664.813	6	205	226	23	203	207	224	228	20	26	226	10.8672	2.70504	0.75525	1	1	-1
20550.7	14473.6	1862.74	24.688	199.481	1160.39	103.552	103.552	452.972	198.91	199.316	600.913	150.749	173.648	662.743	9	207	146	10	205	209	144	148	7	13	227	9.2506	2.51023	0.700859	1	1	-1
20566.6	16719.5	4355.99	26.087	199.612	1484.9	103.931	103.931	490.088	199.366	200.466	599.414	166.567	219.451	555.991	7	207	168	23	205	209	166	170	20	26	227	9.35286	2.69029	0.751132	1	1	-1
20705.3	19793.6	2551.79	28.4462	200.113	1298.21	98.025	98.025	373.074	199.952	199.807	599.401	205.305	193.597	551.785	6	208	199	14	206	210	197	201	11	17	230	10.9822	2.59573	0.724731	1	1	-1
20985.6	18677.9	3943.54	25.7592	199.802	1579.98	103.627	103.627	424.384	199.779	199.536	601.98	185.601	177.853	743.543	7	211	188	20	209	213	186	190	17	23	227	10.7089	2.60542	0.727437	1	1	-1
21082.9	716.459	2319.45	25.7154	199.795	1363.29	104.621	104.621	424.974	199.561	200.129	598.999	182.871	216.459	519.454	7	212	8	13	210	214	6	10	10	16	225	9.90488	2.56124	0.715102	1	1	-1
21067.9	23946.2	1109.86	25.9652	199.272	1171.79	107.16	107.16	435.528	199.373	201.013	601.5	167.857	246.198	709.855	7	212	240	6	210	214	238	242	3	9	225	9.09568	2.52589	0.705231	1	1	-1
21270.7	13674.1	4007.22	22.9006	199.397	1096.44	115.329	115.329	401.664	201.281	199.509	597.162	270.676	174.14	407.224	9	213	138	22	211	215	136	140	19	25	225	7.92037	2.20419	0.615414	1	1	-1
21331.5	2875.05	1691.4	25.2363	200.406	1315.98	100.057	100.057	382.412	200.559	199.6	598.406	231.471	175.051	491.397	7	214	30	10	212	216	28	32	7	13	228	9.5397	2.35395	0.657228	1	1	-1
21339.6	20667.5	4494.06	29.6841	199.46	1506.38	98.1285	98.1285	420.783	200.781	199.314	598.287	239.636	167.548	494.06	8	214	208	24	212	216	206	210	21	27	227	9.98155	2.80828	0.784077	1	1	-1
21367.9	15508.4	3471.94	28.6321	200.362	1446.57	95.6375	95.6375	421.38	199.389	200.067	601.15	167.865	208.418	671.939	6	215	156	18	213	217	154	158	15	21	228	10.5908	2.67734	0.747518	1	1	-1
21456.9	6761.5	4166.46	27.5124	200.399	1272.86	90.8087	90.8087	415.62	199.283	199.32	599.95	156.886	161.502	566.464	7	216	69	22	214	218	67	71	19	25	224	9.57627	2.65639	0.741669	1	1	-1
21507.6	8589.41	1369.74	32.8807	199.882	1520.96	91.5543	91.5543	372.181	200.235	199.88	599.916	207.579	189.413	569.738	5	216	87	8	214	218	85	89	5	11	233	12.5846	2.90779	0.811859	1	1	-1
21582.3	4833.89	2131.15	26.3446	199.298	1389.83	103.821	103.821	453.517	199.639	200.803	598.92	182.308	233.892	531.146	6	217	49	12	215	219	47	51	9	15	225	9.93088	2.63367	0.735326	1	1	-1
21679.5	4455.96	4954.15	26.2189	199.508	1393.22	109.777	109.777	366.656	199.765	201.12	599.149	179.549	255.957	554.151	6	218	45	26	216	220	43	47	23	29	224	8.19484	2.42082	0.675896	1	1	-1
21957.2	19709.9	4434.32	27.1205	200.31	1436.87	96.8014	96.8014	363.367	200.999	200.098	600.93	257.169	209.914	634.32	7	220	198	23	218	222	196	200	20	26	227	9.09623	2.4992	0.697781	1	1	-1
22143.2	14497.2	2488.83	25.1081	200.071	1274.7	99.3067	99.3067	386.137	200.659	199.972	600.886	243.183	197.17	688.827	7	222	146	13	220	224	144	148	10	16	222	8.90131	2.33774	0.6527	1	1	-1
22085	20260.7	4070.5	26.5758	199.755	1394.46	107.55	107.55	404.588	199.662	199.165	601.1	184.953	160.7	670.5	6	222	204	21	220	224	202	206	18	24	228	10.2817	2.55153	0.712392	1	1	-1
22175.3	13748.4	1856.68	30.211	199.893	1511.24	96.5387	96.5387	383.207	199.552	198.878	600.878	175.27	148.388	656.68	6	223	139	10	221	225	137	141	7	13	232	9.86951	2.77705	0.775356	1	1	-1
22366.5	4641.78	4061	29.0721	200.138	1564.76	98.5542	98.5542	371.53	199.413	199.01	597.539	166.526	141.785	461.003	8	225	48	22	223	227	46	50	19	25	226	9.25997	2.57295	0.718373	1	1	-1
22436.2	11668.2	2949.8	29.3415	200.479	1259.99	88.1749	88.1749	364.855	200.577	199.543	599.328	236.23	168.226	549.799	6	225	118	16	223	227	116	120	13	19	227	9.61863	2.48803	0.694663	1	1	-1
22816.9	8782.36	4035.03	27.2455	200.15	1374.17	100.612	100.612	380.264	200.484	199.533	600.369	216.932	182.357	635.028	6	229	89	21	227	231	87	91	18	24	228	10.7797	2.49733	0.697258	1	1	-1
22893.6	11619.8	1193.64	29.0155	199.714	1331.78	101.914	101.914	389.576	199.902	200.344	603.34	193.567	219.812	793.64	8	230	117	6	228	232	115	119	3	9	231	11.1326	2.64387	0.738172	1	1	-1
22926.3	14956.7	4665.53	28.0527	199.638	1131.71	99.4645	99.4645	412.772	200.669	201.137	600.582	226.32	256.715	665.53	7	230	150	24	228	232	148	152	21	27	226	9.73538	2.66346	0.743642	1	1	-1
22880.7	23281.6	2275.09	24.6256	200.023	1746.59	101.897	101.897	394.635	199.801	199.756	600.935	180.699	181.619	675.093	7	230	234	12	228	232	232	236	9	15	230	8.99571	2.31397	0.646064	1	1	-1
23152.9	20234.8	3288.86	27.8602	199.394	1358.17	104.322	104.322	420.29	201.113	200.808	601.527	252.905	234.809	688.859	8	232	203	17	230	234	201	205	14	20	228	9.54711	2.70901	0.75636	1	1	-1
23224.4	3504.19	1991.07	27.3701	200.486	1446.12	94.7967	94.7967	359.559	200.607	200.017	599.384	224.436	204.194	591.065	6	233	36	11	231	235	34	38	8	14	226	10.6625	2.36614	0.66063	1	1	-1
23192.6	17880.4	2217.59	24.5656	200.039	1330.79	101.661	101.661	416.82	199.933	199.647	597.827	192.611	180.376	417.591	7	233	180	13	231	235	178	182	10	16	229	9.72588	2.3725	0.662406	1	1	-1
23316.8	18273	4543.16	29.7423	200.095	1223.88	95.2571	95.2571	398.741	200.366	199.575	599.329	216.764	173.043	543.164	6	234	184	24	232	236	182	186	21	27	227	11.4101	2.72155	0.759862	1	1	-1
23405.9	7525.76	1251.45	23.4315	200.151	1312.45	112.561	112.561	395.507	200.031	200.494	597.604	205.915	225.755	451.445	7	235	76	8	233	237	74	78	5	11	224	8.59044	2.22704	0.621794	1	1	-1
23611.3	23145	4397.36	25.7039	200.596	1481.78	99.8033	99.8033	348.711	200.453	200.797	600.694	211.26	244.967	597.358	7	237	232	23	235	239	230	234	20	26	227	9.55637	2.27877	0.636236	1	1	-1
23679.9	4791	1267.82	32.9496	200.693	1595.3	89.2303	89.2303	320.261	199.715	200.02	601.337	179.931	190.996	667.825	6	238	49	7	236	240	47	51	4	10	230	11.906	2.73759	0.764339	1	1	-1
23716.8	9378.55	3949.68	25.7301	199.699	1350.22	107.04	107.04	396.261	200.411	199.628	599.457	216.831	178.547	549.684	6	238	95	21	236	240	93	97	18	24	225	9.88797	2.44356	0.682246	1	1	-1
23740.1	19269	1509.04	26.1013	200.242	1515.23	104.984	104.984	391.158	201.036	199.411	598.604	240.094	169.039	509.037	8	238	194	9	236	240	192	196	6	12	225	9.12304	2.4921	0.695798	1	1	-1
23734.6	24694.7	1083.02	26.8139	200.068	1471.31	104.414	104.414	345.336	200.669	199.989	597.963	234.648	194.707	483.018	7	238	248	7	236	240	246	250	4	10	228	9.52213	2.32008	0.647769	1	1	-1
23766.4	23188.9	2251.84	26.5389	199.05	1578.61	110.005	110.005	398.749	199.331	199.79	600.974	166.416	188.877	651.84	6	239	233	12	237	241	231	235	9	15	229	9.84424	2.55232	0.712611	1	1	-1
23909	3255.83	3006.85	29.9688	200.624	1573.72	88.1593	88.1593	397.342	199.955	199.022	600.179	208.978	155.829	606.848	7	240	34	16	238	242	32	36	13	19	228	11.3666	2.69899	0.753563	1	1	-1
24022.8	5011.21	2012.03	31.4436	201.012	1773.77	86.1724	86.1724	341.307	200.187	200.098	600.101	222.835	211.214	612.031	5	241	51	11	239	243	49	53	8	14	227	11.4614	2.734	0.763337	1	1	-1
24277.8	7075.6	4581.34	27.2949	199.986	1287.31	95.7918	95.7918	393.484	199.496	199.443	599.815	177.777	175.604	581.341	6	244	72	24	242	246	70	74	21	27	224	10.5405	2.57534	0.719038	1	1	-1
24446	6925.66	2757.8	29.4138	199.829	1513.97	99.9779	99.9779	366.617	201.013	200.355	599.222	246.008	225.657	557.797	7	245	70	15	243	247	68	72	12	18	230	9.844	2.71987	0.759392	1	1	-1
24388.8	23590.4	4669.95	28.1044	200.017	1156.54	97.767	97.767	365.576	199.852	199.586	601.221	188.79	190.416	669.946	6	245	237	24	243	247	235	239	21	27	224	11.1238	2.53673	0.70826	1	1	-1
24546.2	7432.56	1353.15	26.2798	199.186	1442.41	107.579	107.579	488.359	200.995	200.674	602.186	246.174	232.56	753.146	8	246	75	7	244	248	73	77	4	10	227	9.31175	2.80785	0.783956	1	1	-1
24596.1	3406.37	3148.39	25.811	199.829	1498.65	98.0326	98.0326	444.035	199.98	200.101	599.569	196.147	206.373	548.393	5	247	35	17	245	249	33	37	14	20	224	10.6137	2.6173	0.730755	1	1	-1
24594.6	7461.14	2534.81	26.6299	199.742	1430.15	99.4072	99.4072	444.002	199.81	199.233	599.429	194.642	161.142	534.813	7	247	76	14	245	249	74	78	11	17	226	9.85081	2.65098	0.740158	1	1	-1
24773.6	22018.7	1439.66	27.2451	199.745	1596.15	101.801	101.801	412.961	199.488	200.179	598.002	173.586	218.712	439.664	7	249	221	9	247	251	219	223	6	12	228	9.91028	2.62353	0.732493	1	1	-1
24907.5	2844.42	1185.35	27.7153	200.005	1336.46	102.694	102.694	398.436	200.014	200.838	600.084	207.547	244.421	585.347	7	250	29	7	248	252	27	31	4	10	230	9.81434	2.58435	0.721554	1	1	-1
24896.6	19706.4	3894.82	22.1333	199.562	1386.12	111.17	111.17	490.957	200.036	200.078	598.596	196.609	206.42	494.824	6	250	198	21	248	252	196	200	18	24	226	9.34241	2.28743	0.638653	1	1	-1
25070.4	20800.5	4523.81	21.916	199.242	1371.45	114.152	114.152	478.57	199.49	199.868	601.377	170.382	200.495	723.81	7	252	209	23	250	254	207	211	20	26	221	8.15013	2.25701	0.63016	1	1	-1
25235.7	8772.79	4362.32	26.0785	199.369	1479.71	104.645	104.645	447.038	200.663	199.379	599.418	235.659	172.791	562.324	7	253	89	23	251	255	87	91	20	26	223	9.57672	2.63876	0.736746	1	1	-1
SPOTS_END
