FISH-QUANT	v3a
File-version	3D_v1
RESULTS OF SPOT DETECTION PERFORMED ON 25-Sep-2021 
COMMENT	
IMG_Raw	Poiss_300spots_bg_200_2_I_300_0_img0.tif
IMG_Filtered	
IMG_DAPI	
IMG_TS_label	
FILE_settings	Poiss_300spots_bg_200_2_I_300_0_img0__settings_MATURE.txt
PARAMETERS
Pix-XY	Pix-Z	RI	Ex	Em	NA	Type
300	300	1.33	547	583	1.4	widefield
CELL_START	EntireImage
X_POS	1	1	256	256	
Y_POS	1	256	256	1	
Z_POS	
CELL_END
SPOTS_START
Pos_Y	Pos_X	Pos_Z	AMP	BGD	RES	SigmaX	SigmaY	SigmaZ	Cent_Y	Cent_X	Cent_Z	MuY	MuX	MuZ	ITERY_det	Y_det	X_det	Z_det	Y_min	Y_max	X_min	X_max	Z_min	Z_max	INT_raw	INT_filt	SC_det	SC_det_norm	TH_det	TH_fit	IN_nuc
17108.1	7569.51	1494.92	8.69161	200.235	1231.3	491.999	491.999	578.54	600.304	600.827	900.152	608.065	669.509	894.916	13	58	26	6	56	60	24	28	3	9	213	5	1.17296	0.699158	1	1	-1
24760.4	29984.1	2359.78	6.64694	201.8	1282.03	492	492	824.502	601.46	599.849	901.636	760.417	584.143	1159.78	18	83	101	8	81	85	99	103	5	11	213	5	1.20894	0.720608	1	1	-1
45424.5	34028.4	1769.42	9.68707	199.86	1280.48	463.18	463.18	594.283	601.234	601.04	899.4	724.51	728.419	869.419	11	152	114	7	150	154	112	116	4	10	212	5	1.20772	0.719879	1	1	-1
59742.3	62562.3	1740.48	8.7626	202.068	1612.81	492	492	415.104	600.118	599.908	898.565	642.283	462.335	840.476	17	200	210	7	198	202	208	212	4	10	213	6	1.49708	0.892356	1	1	-1
56297.5	69898.7	1545.12	9.65662	200.523	1425.38	492	492	406.246	599.358	599.975	901.259	497.461	598.722	945.118	12	189	234	6	187	191	232	236	3	9	214	5	1.32174	0.787842	1	1	-1
38019.6	4356.11	1713.28	5.31032	201.658	1056.21	492	492	504.626	599.485	600.903	899.637	519.552	756.107	813.282	14	128	15	7	126	130	13	17	4	10	212	4	0.892295	0.531865	1	1	-1
39969.7	9298.93	1836.51	17.8772	202.135	1468.76	197.816	197.816	234.098	599.323	599.543	901.945	669.73	298.934	936.514	11	134	33	7	132	136	31	35	4	10	216	4	1.116	0.665207	1	1	-1
57224.8	15807.3	2099.17	9.21463	200.04	1029.24	491.244	491.244	559.297	599.265	598.91	900.262	524.768	507.332	899.175	22	192	54	8	190	194	52	56	5	11	211	5	1.1468	0.683564	1	1	-1
71265.3	15874.2	1592.2	5.6365	201.518	1046.78	492	492	366.837	600.017	599.425	900.609	465.27	574.207	992.198	23	239	54	6	237	241	52	56	3	9	210	4	0.876626	0.522525	1	1	-1
11156.3	20260.6	1889.05	431.477	202.899	1310.71	47.4036	47.4036	48.9494	599.78	600.675	900.709	356.336	460.587	989.05	54	39	69	7	37	41	67	71	4	10	217	4	0.908562	0.541561	1	1	-1
44868	21237.5	1896.26	7.05522	200.283	928.188	492	492	592.332	598.908	599.805	900.778	468.041	537.543	996.264	16	151	72	7	149	153	70	74	4	10	213	4	0.988871	0.589431	1	1	-1
2067.09	23773.7	1791.79	7.79141	200.7	1228.97	492	492	478.89	599.932	600.684	899.873	567.091	673.664	891.791	11	8	80	7	6	10	78	82	4	10	211	5	1.13369	0.675753	1	1	-1
15962.7	25177.8	1570.77	5.79005	201.846	1061.6	417.953	417.953	355.553	599.873	599.806	900.837	662.726	577.789	970.775	20	54	85	6	52	56	83	87	3	9	211	4	0.944537	0.563005	1	1	-1
74007.8	35761.7	1711.81	7.49167	200.345	1214.71	492	492	547.311	599.087	600.321	899.129	507.763	661.676	811.807	14	248	120	7	246	250	118	122	4	10	213	4	1.11858	0.666748	1	1	-1
32896.1	40226.4	1597.77	6.98343	200.792	1242.94	465.509	465.509	484.922	599.755	600.169	898.3	496.055	626.436	697.77	13	111	135	7	109	113	133	137	4	10	212	4	0.986676	0.588123	1	1	-1
69256.1	45748.4	1808.97	6.74878	200.619	1327.67	489.297	489.297	492.451	599.814	598.967	900.212	556.135	448.391	908.966	24	232	154	7	230	234	152	156	4	10	216	4	1.02696	0.612134	1	1	-1
72629.8	49580.3	1751.74	7.46427	201.51	1129.03	492	492	281.887	600.093	599.62	899.358	629.777	680.33	851.74	17	243	166	7	241	245	164	168	4	10	212	4	1.04207	0.621141	1	1	-1
68708.2	52248	2161.08	8.15023	200.494	1346.01	492	492	634.391	599.848	600.379	900.565	608.197	647.983	961.08	15	230	175	8	228	232	173	177	5	11	214	5	1.07676	0.641817	1	1	-1
54256.7	59003.1	1644.05	7.42666	200.584	1131.82	492	492	509.108	599.958	599.383	898.199	556.681	503.095	744.05	13	182	198	7	180	184	196	200	4	10	214	4	1.05737	0.63026	1	1	-1
38627.6	65446.6	2043.69	11.6272	201.961	1398.61	492	492	423.766	599.147	600.77	899.13	527.557	646.646	843.693	14	130	219	8	128	132	217	221	5	11	218	8	1.66401	0.991858	1	1	-1
36878.9	5278.49	2563.7	6.73735	202.32	1456.94	492	492	672.711	600.059	598.978	898.819	578.851	478.493	763.705	21	124	19	10	122	126	17	21	7	13	213	6	1.22931	0.732747	1	1	-1
2766.13	7095.6	2263.78	7.02839	200.751	1073.09	492	492	518.036	600.118	599.518	902.214	666.128	495.597	1063.78	14	10	25	8	8	12	23	27	5	11	212	4	1.07526	0.640926	1	1	-1
19863.2	12630	1970.91	5.92423	200.883	1094.68	492	492	522.711	600.702	600.101	898.824	663.181	630.049	770.912	20	67	43	8	65	69	41	45	5	11	211	4	0.923938	0.550727	1	1	-1
31971.3	13496.2	2042.57	6.94545	200.71	1018.86	491.999	491.999	573.146	599.4	600.034	899.848	471.283	596.182	842.57	18	108	46	8	106	110	44	48	5	11	212	5	1.02664	0.611944	1	1	-1
68467.4	21719.1	2008.8	6.76843	200.515	1167.53	492	492	574.759	600.448	600.871	899.273	667.352	719.056	808.798	15	229	73	8	227	231	71	75	5	11	214	4	0.946587	0.564226	1	1	-1
28205.5	21993.9	1934.26	5.75382	200.722	1280.53	492	492	584.467	599.535	600.601	899.027	605.457	693.924	734.259	23	95	74	8	93	97	72	76	5	11	211	4	0.939028	0.559721	1	1	-1
34343.5	23445.2	2074.93	8.37688	201.442	1233.41	453.914	453.914	334.558	599.282	600.194	899.552	443.523	645.197	874.93	12	116	79	8	114	118	77	81	5	11	215	5	1.14447	0.68218	1	1	-1
69597.5	27915.8	2090.42	18.5316	202.215	1202.45	166.287	166.287	201.891	599.882	601.219	898.502	597.465	615.789	890.416	13	233	94	8	231	235	92	96	5	11	216	4	1.01571	0.605426	1	1	-1
31328.3	44429.1	2071.71	7.17311	201.561	1020.17	341.032	341.032	387.37	600.533	600	900.525	728.293	629.119	871.711	21	105	149	8	103	107	147	151	5	11	214	4	0.918984	0.547774	1	1	-1
14594.6	46226.7	2228.03	8.45615	201.049	970.639	414.651	414.651	419.878	598.833	599.586	898.072	494.572	626.74	728.035	13	50	155	9	48	52	153	157	6	12	211	5	1.20549	0.718549	1	1	-1
10349.7	46503.1	2072.91	6.4347	200.826	1133.52	492	492	484.432	600.618	600.11	899.653	749.711	603.121	872.912	13	35	156	8	33	37	154	158	5	11	213	4	0.94224	0.561636	1	1	-1
51731.8	48687	2447.97	9.58581	201.917	1847.45	492	492	487.61	600.854	600.402	901.198	731.765	687.013	947.969	12	173	163	9	171	175	161	165	6	12	214	7	1.51626	0.903789	1	1	-1
35658.7	53377.7	1834.62	7.47634	201.986	1261.77	492	492	188.859	599.696	599.721	898.622	558.656	577.658	934.62	22	120	179	7	118	122	177	181	4	10	211	4	1.06344	0.633878	1	1	-1
33613.1	57822.9	2251.32	9.52049	199.656	1060.86	492	492	587.355	600.059	599.467	897.963	613.074	522.856	751.322	14	113	194	9	111	115	192	196	6	12	213	5	1.26317	0.752931	1	1	-1
50900.6	62641.9	2089.94	8.75119	200.511	1051.19	492	492	484.211	599.282	599.637	900.329	500.559	541.855	889.937	13	171	210	8	169	173	208	212	5	11	211	5	1.19597	0.712875	1	1	-1
17980.4	62879.2	2190.57	8.32729	201.656	1183.61	358.105	358.105	353.241	600.304	599.341	900.287	580.359	479.227	990.565	15	61	211	8	59	63	209	213	5	11	210	5	1.00272	0.597687	1	1	-1
41942.9	63517	1946.85	4.99569	200.946	1168.07	492	492	578.657	599.526	599.501	899.052	542.868	516.987	746.846	17	141	213	8	139	143	211	215	5	11	212	4	0.82796	0.493517	1	1	-1
53975.8	70774.1	1868.76	7.51951	200.25	1123.52	492	492	509.068	600.135	599.602	900.22	575.804	574.054	968.76	16	181	237	7	179	183	235	239	4	10	211	4	1.04616	0.623578	1	1	-1
10647.9	71066.4	2128.85	5.40962	201.543	1142.58	393.583	393.583	588.827	598.8	600.152	900.11	447.881	566.429	928.85	26	37	238	8	35	39	236	240	5	11	210	4	0.908562	0.541561	1	1	-1
72672.3	14377.5	2441.06	7.77343	201.303	957.295	412.678	412.678	481.495	600.599	599.764	900.734	672.276	577.522	941.061	10	243	49	9	241	245	47	51	6	12	210	5	1.05086	0.626379	1	1	-1
53161.4	18006.8	2305.11	7.38888	200.537	1114.52	492	492	446.729	600.55	599.949	898.73	661.393	606.845	805.107	14	178	61	9	176	180	59	63	6	12	211	4	1.09449	0.652384	1	1	-1
39119.1	19583.3	2441.95	8.32343	199.856	959.127	492	492	676.843	598.521	600.465	900.668	419.066	683.307	941.947	14	132	66	9	130	134	64	68	6	12	214	4	1.09034	0.649911	1	1	-1
20827.7	24319.1	2371.1	6.59068	200.736	1005.54	492	492	534.342	599.104	600.144	899.197	427.705	619.102	871.1	14	71	82	9	69	73	80	84	6	12	211	4	1.01409	0.604462	1	1	-1
58465.6	32470.8	2385.29	6.51119	200.799	1144.81	492	492	400.242	599.831	600.695	900.051	565.628	670.78	885.289	16	196	109	9	194	198	107	111	6	12	211	4	0.959337	0.571827	1	1	-1
21083.5	34331.6	2851.07	5.92886	202.244	1596.34	458.263	458.263	989.26	600.62	598.768	899.866	683.489	431.566	1051.07	18	71	116	10	69	73	114	118	7	13	215	5	1.12523	0.670709	1	1	-1
34277.1	38639.1	2597.05	7.3667	201.037	1092.43	489.646	489.646	460.923	600.853	599.502	899.333	677.123	539.103	797.048	17	115	130	10	113	117	128	132	7	13	214	4	1.03635	0.617732	1	1	-1
46037	44061.5	2451.67	7.47313	200.256	1260.7	492	492	605.116	598.867	599.983	901.057	437.003	561.51	951.672	15	155	148	9	153	157	146	150	6	12	211	4	1.11638	0.665435	1	1	-1
29438.6	49840.6	2232.97	6.12989	201.24	937.627	492	492	466.119	600.532	600.667	898.403	638.607	640.555	732.971	13	99	167	9	97	101	165	169	6	12	211	4	0.98234	0.585538	1	1	-1
19958.6	54765.2	2161.74	6.43809	200.886	1172.92	492	492	533.406	599.256	599.357	898.047	458.569	465.221	661.736	11	68	184	9	66	70	182	186	6	12	211	4	1.0041	0.598506	1	1	-1
72656.6	64968.8	2761.89	8.35265	202.327	1898.08	492	492	421.837	600.528	599.338	900.444	656.617	468.797	961.891	16	243	218	10	241	245	216	220	7	13	217	6	1.4334	0.854401	1	1	-1
45974.3	2320.62	2606.15	7.99219	200.429	1089.11	492	492	494.634	600.583	599.476	898.791	674.347	520.618	806.147	13	154	9	10	152	156	7	11	7	13	212	5	1.08847	0.648797	1	1	-1
59054.6	9288.94	2616.03	7.2873	200.806	1024.69	492	492	449.582	599.713	599.527	899.315	554.57	588.936	816.028	12	198	32	10	196	200	30	34	7	13	211	4	1.07441	0.640416	1	1	-1
14739.8	18238.1	2899.93	7.80898	200.748	989.13	492	492	582.984	600.438	599.595	899.132	639.767	538.08	799.934	15	50	62	11	48	52	60	64	8	14	213	5	1.13389	0.675873	1	1	-1
63236.1	23033.4	2687.86	7.67452	200.112	913.419	492	492	593.052	599.628	599.45	899.797	536.064	533.441	887.862	14	212	78	10	210	214	76	80	7	13	211	4	1.0392	0.619429	1	1	-1
28631.8	37496.3	2768.22	7.5357	199.967	1011.62	492	492	652.415	598.917	599.924	900.652	431.805	596.314	968.22	13	97	126	10	95	99	124	128	7	13	215	4	0.947454	0.564743	1	1	-1
29195.8	40962.8	2763.64	7.4432	200.734	1490.16	477.6	477.6	450.52	600.533	599.281	900.846	695.811	462.782	963.643	27	98	138	10	96	100	136	140	7	13	215	4	1.05628	0.629612	1	1	-1
37629.5	45554.5	2652.8	7.31291	201.213	1125.93	492	492	462.269	600.793	599.654	899.578	729.536	554.475	852.805	12	126	153	10	124	128	151	155	7	13	212	5	1.06652	0.635716	1	1	-1
41983.5	47717.8	2865.24	7.64139	201.806	1366.24	492	492	439.645	599.664	600.042	902.044	583.524	617.772	1065.24	16	141	160	10	139	143	158	162	7	13	213	5	1.33784	0.797439	1	1	-1
28943.2	54543.5	2729.77	8.80646	201.331	1162.5	424.303	424.303	473.102	600.936	599.444	899.747	743.191	543.502	929.772	15	97	183	10	95	99	181	185	7	13	213	5	1.138	0.67832	1	1	-1
36864	56121.1	2905.48	9.67931	200.067	1398.75	492	492	595.477	599.84	600.304	898.55	564.004	621.084	805.477	15	124	188	11	122	126	186	190	8	14	214	6	1.27801	0.761774	1	1	-1
12227.2	56351.7	2420.77	6.6511	200.311	1369.8	492	492	513.23	599.424	599.847	900.695	527.231	551.688	920.772	14	42	189	9	40	44	187	191	6	12	211	4	0.933767	0.556585	1	1	-1
47182.1	57806.1	2725.06	7.09791	200.803	1063.04	438.421	438.421	572.937	600.431	599.341	900.161	682.081	506.08	925.058	13	158	194	10	156	160	192	196	7	13	210	4	0.960535	0.572541	1	1	-1
21809.7	60879.5	2697.74	6.18965	200.908	1204.99	435.492	435.492	517.955	599.594	599.484	900.085	509.716	579.491	897.737	17	74	204	10	72	76	202	206	7	13	214	4	0.910187	0.54253	1	1	-1
56530.9	61589.4	2667.14	6.882	201.193	923.09	457.027	457.027	342.973	600.542	599.467	899.907	730.896	389.41	867.145	16	189	207	10	187	191	205	209	7	13	212	4	0.966194	0.575914	1	1	-1
66152	66130.5	2642.5	7.28355	200.557	1144.32	413.348	413.348	623	601.177	601.177	899.949	751.996	730.479	842.498	14	221	221	10	219	223	219	223	7	13	210	4	1.04109	0.620559	1	1	-1
66588.3	68690	2672.6	7.37963	201.085	1234.62	470.686	470.686	379.397	600.169	599.738	899.729	588.253	589.971	872.604	18	223	230	10	221	225	228	232	7	13	216	5	1.06904	0.63722	1	1	-1
24290.3	3467.35	2974.12	9.34688	199.394	1212.16	492	492	554.298	600.322	598.746	899.814	590.333	467.345	874.123	15	82	13	11	80	84	11	15	8	14	213	4	1.0967	0.653706	1	1	-1
53124	13531.3	2852.51	5.76733	200.587	1080.77	492	492	550.428	600.618	600.169	901.381	623.956	631.322	1052.51	15	178	46	10	176	180	44	48	7	13	210	4	0.924862	0.551277	1	1	-1
52431.5	15305	2997.94	11.1976	201.335	1334.09	343.21	343.21	374.387	599.89	600.203	900.135	531.488	605.041	897.941	10	176	52	11	174	178	50	54	8	14	214	5	1.16001	0.691439	1	1	-1
18955.8	23341.5	2990.28	7.83608	200.677	969.434	492	492	534.544	600.135	599.747	900.051	655.784	541.518	890.278	11	64	79	11	62	66	77	81	8	14	209	5	1.10375	0.657905	1	1	-1
32122.1	23856.6	2846.9	5.20684	201.159	1189.42	492	492	421.184	599.992	599.467	900.635	622.057	456.587	1046.9	15	108	81	10	106	110	79	83	7	13	211	4	0.880103	0.524598	1	1	-1
47124	30891.3	3042.41	6.97628	200.764	1117.81	492	492	539.761	600.118	599.89	900.135	623.981	591.34	942.409	13	158	104	11	156	160	102	106	8	14	213	4	1.00433	0.598643	1	1	-1
18546	36580.1	2883.74	5.99528	202.131	1078.39	492	492	337.166	599.536	600.16	899.798	545.962	580.062	783.74	17	63	123	11	61	65	121	125	8	14	212	5	1.02999	0.613942	1	1	-1
17742.9	40753.4	3025.07	8.0946	200.507	995.504	492	492	443.011	600.567	599.78	900.321	642.929	553.434	925.073	12	60	137	11	58	62	135	139	8	14	213	5	1.10826	0.660595	1	1	-1
43458	49007.5	2847.93	7.29689	201.326	1195.92	492	492	376.142	599.451	600.068	897.99	557.957	707.49	747.932	15	146	164	11	144	148	162	166	8	14	214	4	1.06279	0.633492	1	1	-1
27282.7	49749.1	2732.23	6.9844	201.636	1087.55	450.65	450.65	288.83	599.383	599.011	900.533	582.677	549.141	932.233	24	92	167	10	90	94	165	169	7	13	209	4	1.02514	0.611047	1	1	-1
39089.1	51941	3096.3	7.02887	201.183	1158.79	492	492	417.053	600.481	600.405	900.253	689.126	640.962	996.301	13	131	174	11	129	133	172	176	8	14	211	4	1.05435	0.628462	1	1	-1
18042.5	53332.4	2774.41	7.59954	200.365	1303.53	492	492	460.659	600.423	599.881	900.584	642.543	532.396	974.413	13	61	179	10	59	63	177	181	7	13	212	4	1.03391	0.616276	1	1	-1
8469.91	54185.4	3042.65	7.73472	200.045	1087.84	492	492	569.41	600.262	599.238	900.55	669.914	485.442	942.652	14	29	182	11	27	31	180	184	8	14	210	4	1.02042	0.608233	1	1	-1
11690.5	61284.1	2804.24	7.88808	200.128	968.058	492	492	420.07	599.881	600.526	900.789	590.5	684.066	1004.24	13	40	205	10	38	42	203	207	7	13	210	4	1.0652	0.634927	1	1	-1
45052.7	67234.5	2994.65	7.99894	200.979	1326.08	414.932	414.932	446.091	600.397	600.034	900.66	652.744	634.547	894.649	16	151	225	11	149	153	223	227	8	14	215	5	1.03945	0.61958	1	1	-1
26152.9	1959.99	3169.78	5.83189	201.143	1258.04	492	492	534.45	600.6	599.273	898.133	652.858	459.985	769.785	19	88	8	12	86	90	6	10	9	15	211	4	1.01958	0.607734	1	1	-1
28807.6	2582.37	3371.69	7.34814	200.867	984.591	492	492	428.74	599.527	599.078	901.074	607.579	482.373	971.686	15	97	10	12	95	99	8	12	9	15	211	4	1.0798	0.643633	1	1	-1
23531.1	7235.27	3430.72	7.16125	200.889	1100.95	492	492	518.717	600.667	599.907	898.244	731.143	635.268	730.717	16	79	25	13	77	81	23	27	10	16	212	5	1.08681	0.647807	1	1	-1
37042.6	11454.3	3005.46	6.66689	199.912	928.956	492	492	713.539	598.932	598.203	900.17	442.559	354.317	905.455	16	125	40	11	123	127	38	42	8	14	209	4	0.996711	0.594104	1	1	-1
63294.4	13802.1	3195.26	8.88218	201.696	1196.48	408.865	408.865	297.351	599.341	600.253	899.316	594.443	602.111	795.258	14	212	47	12	210	214	45	49	9	15	213	5	1.09238	0.65113	1	1	-1
36463.2	16532.3	3465.16	7.07586	201.005	1102.24	492	492	468.478	599.147	600.287	901.495	463.229	632.31	1065.16	15	123	56	12	121	125	54	58	9	15	212	4	1.11426	0.664171	1	1	-1
64208.3	17092.6	3520.26	7.70821	201.144	1178.92	395.406	395.406	533.777	600.262	599.949	899.122	608.299	592.579	820.262	10	215	58	13	213	217	56	60	10	16	213	5	1.06818	0.636707	1	1	-1
71773.7	17674.1	3277.03	5.90543	201.297	1073.55	492	492	445.493	600.321	600.101	899.501	673.673	574.079	877.028	17	240	60	12	238	242	58	62	9	15	210	4	0.965344	0.575407	1	1	-1
34570.9	20297.1	3541.27	6.9541	200.809	1266.59	492	492	595.935	600.093	599.553	899.958	670.925	497.101	841.272	17	116	69	13	114	118	67	71	10	16	213	4	1.004	0.598448	1	1	-1
11698.2	21154	3343.58	6.60679	201.101	1181.31	492	492	556.228	599.916	598.667	900.101	598.216	453.992	943.582	14	40	72	12	38	42	70	74	9	15	211	4	1.0427	0.621517	1	1	-1
52662.1	37667.4	3165.55	6.98131	201.086	1146.13	492	492	412.261	599.188	601.336	898.038	462.084	767.353	765.546	15	177	126	12	175	179	124	128	9	15	210	5	1.09565	0.653081	1	1	-1
12984.4	39570.8	3384.96	6.10132	200.89	1145.48	492	492	592.476	600.583	599.873	900.946	684.385	570.754	984.959	15	44	133	12	42	46	131	135	9	15	212	4	0.991325	0.590894	1	1	-1
69086.4	39509.4	3730.63	5.72842	201.991	1554.88	492	492	360.166	600.414	599.232	899.696	986.361	509.412	1030.63	18	230	133	13	228	232	131	135	10	16	213	4	1.24336	0.741123	1	1	-1
69106	42030.1	3128.77	8.63523	200.436	1257.36	492	492	493.139	598.175	600.49	898.217	406.008	630.116	728.767	14	232	141	12	230	234	139	143	9	15	213	4	1.1798	0.703235	1	1	-1
66869.1	42009	3363.47	7.10777	201.285	1081.36	456.985	456.985	463.297	599.502	600.16	900.996	569.072	609.023	963.471	33	224	141	12	222	226	139	143	9	15	212	5	1.07205	0.639011	1	1	-1
36508.9	44104.9	3183.76	7.41725	200.723	1465.79	492	492	437.754	599.459	600.237	899.019	508.948	604.861	783.764	18	123	148	12	121	125	146	150	9	15	215	4	1.09184	0.650808	1	1	-1
52417.9	67462.2	3274.24	8.43143	200.302	1189.47	492	492	507.725	599.493	599.527	899.552	517.874	562.227	874.237	28	176	226	12	174	178	224	228	9	15	213	5	1.10104	0.656289	1	1	-1
30976.5	71224.7	3435.2	7.92376	200.637	1224.86	492	492	536.072	600.329	601.03	898.446	676.469	724.7	735.196	13	104	238	13	102	106	236	240	10	16	212	4	1.13033	0.673747	1	1	-1
62885.4	74570.9	3006.72	5.93718	200.85	1054.7	492	492	469.428	599.221	599.357	900.076	485.392	470.876	906.719	13	211	250	11	209	213	248	252	8	14	210	4	0.943146	0.562175	1	1	-1
7106.98	3577.08	4161.18	9.29378	201.936	2212.77	492	492	610.984	598.546	599.574	899.055	506.977	577.081	861.183	14	25	13	15	23	27	11	15	12	18	221	7	1.37949	0.822264	1	1	-1
61969.8	4248.9	3449.65	8.21699	201.459	1229.93	380.813	380.813	325.303	600.525	599.966	900.753	769.799	648.902	1049.65	16	207	15	12	205	209	13	17	9	15	214	4	0.99116	0.590795	1	1	-1
34994.7	4409.19	3256.3	6.36874	201.37	1114.52	492	492	425.4	599.282	600.245	899.02	494.696	509.195	856.297	16	118	16	12	116	120	14	18	9	15	212	4	0.980834	0.58464	1	1	-1
8052.54	5978.93	3525.72	8.62134	200.697	1129.52	492	492	449.768	599.671	599.519	899.088	552.535	578.931	825.721	16	28	21	13	26	30	19	23	10	16	212	5	1.15961	0.691202	1	1	-1
10677.6	17483.7	3866.14	7.94312	200.574	1253.36	492	492	659.871	599.014	601.146	899.697	477.564	683.721	866.139	14	37	59	14	35	39	57	61	11	17	211	5	1.19797	0.714069	1	1	-1
27620	31374.3	3522.16	7.33005	200.71	1079.49	492	492	460.464	599.899	599.222	899.374	620.031	474.334	822.162	16	93	106	13	91	95	104	108	10	16	211	4	1.06279	0.633492	1	1	-1
10021	33143.5	3397.39	7.60409	200.48	1123.67	431.13	431.13	524.546	598.67	598.949	898.611	421.003	443.519	697.389	16	35	112	13	33	37	110	114	10	16	216	4	1.0574	0.630279	1	1	-1
31072.7	42104.9	3517.39	7.30955	200.611	1361.4	492	492	533.74	599.265	600.887	899.518	472.724	704.941	817.391	13	105	141	13	103	107	139	143	10	16	213	4	0.976001	0.581759	1	1	-1
37674.7	41884	3665.7	5.76955	201.527	1070.02	492	492	451.082	599.257	599.493	900.321	474.714	483.99	965.698	17	127	141	13	125	129	139	143	10	16	211	4	1.01039	0.602257	1	1	-1
65630.3	51622.7	3990	13.046	200.873	1438.37	492	492	557.549	599.239	600.376	901.137	530.284	622.66	989.999	13	220	173	14	218	222	171	175	11	17	219	8	1.67767	1	1	1	-1
62532.6	55126.9	3792.71	7.63619	200.951	1162.49	492	492	510.82	600.97	598.954	898.92	732.609	526.903	792.71	16	209	185	14	207	211	183	187	11	17	212	4	1.16142	0.692282	1	1	-1
67406.9	59153	3602.32	7.20188	200.674	1234.7	492	492	440.955	599.509	600.449	899.535	506.867	652.962	902.322	17	226	198	13	224	228	196	200	10	16	212	4	1.05824	0.630778	1	1	-1
32373.1	66812.8	3586.18	8.94425	200.789	1192.44	403.937	403.937	500.788	599.62	599.823	899.383	573.14	512.818	886.177	13	109	224	13	107	111	222	226	10	16	213	5	1.06668	0.635808	1	1	-1
63741.3	67182.6	3679.91	6.57903	200.793	1053.06	474.247	474.247	573.912	600.828	599.873	900.482	741.316	582.588	979.912	17	213	225	13	211	215	223	227	10	16	211	4	0.96405	0.574636	1	1	-1
42669.9	71041.3	3568.45	6.36748	201.403	972.296	492	492	392.289	600.406	599.907	899.637	669.901	541.339	868.446	16	143	238	13	141	145	236	240	10	16	211	4	1.00925	0.601579	1	1	-1
27844.6	71576.4	3567.28	6.83783	201.04	1119.31	492	492	420.262	599.628	598.994	899.839	544.641	476.412	867.277	16	94	240	13	92	96	238	242	10	16	211	4	1.07144	0.638646	1	1	-1
28358.9	73342.4	3596.96	7.97504	200.172	1126.03	469.952	469.952	530.027	599.255	598.764	899.407	458.867	442.422	896.96	14	96	246	13	94	98	244	248	10	16	213	4	1.04109	0.620559	1	1	-1
59141.3	3273.78	4010.54	7.00242	201.376	996.216	379.964	379.964	472.475	600.262	599.924	900.685	641.322	573.779	1010.54	11	198	12	14	196	200	10	14	11	17	210	4	0.95783	0.570928	1	1	-1
34220.5	9430.01	4001.74	7.58322	199.766	1285.67	492	492	733.882	600.465	601.041	901.218	620.452	730.012	1001.74	24	115	32	14	113	117	30	34	11	17	214	4	1.01386	0.604326	1	1	-1
43917	9759.51	3751.44	6.60104	201.039	1355.54	492	492	487.745	599.299	600.634	898.217	416.974	759.51	751.442	19	148	33	14	146	150	31	35	11	17	212	4	1.03445	0.616597	1	1	-1
64700.5	11972.5	3980.49	8.3171	199.727	861.014	492	492	800.297	599.341	599.62	900.768	500.457	572.468	980.489	13	217	41	14	215	219	39	43	11	17	211	5	1.09373	0.651936	1	1	-1
23957.6	12639.7	3924.27	6.1101	200.844	975.07	492	492	521.229	599.78	600.288	899.772	557.647	639.661	924.267	13	81	43	14	79	83	41	45	11	17	210	4	0.921981	0.54956	1	1	-1
40761.9	12922.5	3654.94	5.43593	202.107	1129.24	492	492	245.623	599.662	600.068	899.806	561.888	622.502	954.942	16	137	44	13	135	139	42	46	10	16	211	4	0.907658	0.541022	1	1	-1
44294	22320.3	3794.62	6.78832	200.618	931.478	492	492	481.818	599.416	599.069	899.204	494.012	420.343	794.62	14	149	76	14	147	151	74	78	11	17	211	4	1.02193	0.609134	1	1	-1
39271.3	23104.5	3919.83	6.61581	201.234	1226.24	456.799	456.799	433.906	599.637	600.245	899.51	571.303	604.526	919.828	18	132	78	14	130	134	76	80	11	17	213	4	0.979528	0.583861	1	1	-1
45078.9	27388.2	4265.41	8.49951	201.928	1481.35	492	492	403.745	600.361	600.328	900.143	678.871	688.243	965.411	16	151	92	15	149	153	90	94	12	18	215	6	1.32608	0.790429	1	1	-1
7096.97	32582.3	4207.13	8.86488	200.316	1046.95	434.178	434.178	615.085	599.054	599.121	899.806	496.967	482.288	907.129	11	25	110	15	23	27	108	112	12	18	212	5	1.10639	0.659481	1	1	-1
33955	37219.1	3843.6	7.3237	200.897	1010.74	492	492	491.884	600.625	600.515	898.818	655.014	619.074	843.602	15	114	125	14	112	116	123	127	11	17	210	5	1.05286	0.62757	1	1	-1
62587.4	48441.5	4027.19	8.04524	200.855	1085.7	492	492	460.805	599.637	598.911	900.777	487.421	441.5	1027.19	14	210	163	14	208	212	161	165	11	17	212	5	1.21114	0.721918	1	1	-1
29838.9	60359.6	5121.18	7.40455	203.59	1973.53	230.622	230.622	507.42	599.101	599.32	899.849	138.861	359.576	1221.18	29	102	203	17	100	104	201	205	14	20	216	4	1.09853	0.654794	1	1	-1
23488.9	66111.8	3948.53	9.45362	201.498	1415.24	408.842	408.842	419.763	600.169	601.138	900.733	688.862	711.772	948.535	14	79	221	14	77	81	219	223	11	17	215	6	1.21634	0.725015	1	1	-1
59513.3	67501.7	3926.6	7.665	201.105	1133	492	492	450.433	600.759	600.076	900.422	713.316	601.666	926.595	13	199	226	14	197	201	224	228	11	17	212	5	1.14203	0.680724	1	1	-1
13080.9	68455.5	4028.32	9.14327	200.759	1025.24	418.77	418.77	466.893	599.019	600.22	901.251	480.877	655.463	1028.32	11	45	229	14	43	47	227	231	11	17	211	5	1.17184	0.69849	1	1	-1
50397.6	16437.9	4283.95	7.43468	200.814	1087.75	452.23	452.23	491.447	599.915	599.729	900.938	597.604	537.862	983.946	16	169	56	15	167	171	54	58	12	18	212	5	1.02754	0.612477	1	1	-1
12039.1	27492.4	4253.7	8.26493	200.48	1301.25	492	492	513.44	600.38	599.383	901.411	639.082	492.448	953.705	22	41	93	15	39	43	91	95	12	18	213	5	1.22366	0.729379	1	1	-1
17631.6	37341.1	4307.69	7.56286	200.664	1247.79	492	492	615.334	599.519	598.574	900.953	531.606	441.104	1007.69	14	60	126	15	58	62	124	128	12	18	213	4	1.0737	0.639997	1	1	-1
14528.4	42005.6	3949.94	7.22039	201.254	1065.37	492	492	310.956	600.364	600.169	900.144	728.448	605.618	949.936	14	49	141	14	47	51	139	143	11	17	211	4	1.00246	0.597531	1	1	-1
29897	54534.1	4123.24	7.43716	201.151	1189.69	442.44	442.44	436.625	599.468	599.476	900.076	497.042	534.065	823.237	15	101	183	15	99	103	181	185	12	18	212	4	1.03629	0.617694	1	1	-1
36695.3	57734	3974.02	6.94639	200.683	1069.08	492	492	542.938	600.507	598.715	900.913	695.345	433.986	974.018	14	123	194	14	121	125	192	196	11	17	210	4	1.00223	0.597394	1	1	-1
43144.6	60975.1	4150.48	6.82508	200.322	1109.9	492	492	591.7	599.856	600.228	899.636	544.577	675.07	850.484	18	145	204	15	143	147	202	206	12	18	212	4	0.950603	0.56662	1	1	-1
64777.8	63462.5	4079.2	7.10919	200.301	1136.81	492	492	553.007	599.738	601.016	899.501	577.849	762.453	779.203	14	217	212	15	215	219	210	214	12	18	212	4	0.967213	0.576521	1	1	-1
28304.5	66099.5	4149.21	6.92603	200.659	1089.56	492	492	506.532	600.304	600.702	899.738	704.451	699.511	849.209	15	95	221	15	93	97	219	223	12	18	211	4	0.936471	0.558197	1	1	-1
28246.7	68782.5	4006.31	6.15219	200.711	1176.32	492	492	538.595	600.178	600.118	900.829	646.748	682.531	1006.31	13	95	230	14	93	97	228	232	11	17	210	4	0.914219	0.544933	1	1	-1
37611.6	72236.7	4623.6	9.02355	202.228	1462.96	492	492	414.309	600.83	599.178	900.771	711.638	536.661	1023.6	16	126	242	16	124	128	240	244	13	19	216	6	1.51843	0.905079	1	1	-1
40257.4	2809.28	4418.09	7.76781	200.534	1023.24	492	492	491.267	600.626	600.812	898.825	657.373	709.282	818.093	14	135	10	16	133	137	8	12	13	19	212	5	1.11673	0.665645	1	1	-1
35168.7	6065.54	4286.45	7.59039	200.591	1239.35	492	492	467.692	600.262	598.316	900.702	668.666	365.536	986.448	14	118	22	15	116	120	20	24	12	18	215	4	1.08075	0.644194	1	1	-1
55875	8306.59	4564.73	8.5675	200.285	1475.41	492	492	537.551	600.338	599.231	900.169	674.993	506.59	964.727	13	187	29	16	185	189	27	31	13	19	218	5	1.17648	0.701258	1	1	-1
2072.74	21490.3	4336.68	7.67526	200.56	1117.2	492	492	401.942	599.526	599.992	898.052	572.745	490.264	736.683	14	8	73	16	6	10	71	75	13	19	210	4	1.08314	0.645624	1	1	-1
16676.1	22491.9	4452.56	9.66216	201.525	1079.74	316.787	316.787	362.526	600.398	600.931	899.112	776.083	591.919	852.564	25	56	76	16	54	58	74	78	13	19	213	4	1.11261	0.663186	1	1	-1
37012	32084.8	4587.81	7.79276	200.732	1181.12	490.832	490.832	398.632	600.313	599.975	901.066	711.978	584.821	987.806	24	124	108	16	122	126	106	110	13	19	213	5	1.05317	0.627756	1	1	-1
31401.3	33767.5	4220.66	70.6134	202.162	1190.36	66.8216	66.8216	286.18	600.694	599.704	899.043	501.267	467.538	620.659	26	106	114	16	104	108	112	116	13	19	213	4	0.955736	0.56968	1	1	-1
56758.7	46691.3	4380.29	6.66092	201.17	1124.91	443.416	443.416	380.778	599.983	599.018	899.78	658.736	491.309	780.293	19	190	157	16	188	192	155	159	13	19	213	4	0.951086	0.566908	1	1	-1
61248.6	51545.3	4584.31	8.54658	201.135	1171.52	475.43	475.43	335.659	599.797	599.738	901.454	648.578	545.26	984.309	19	205	173	16	203	207	171	175	13	19	217	5	1.21804	0.726028	1	1	-1
64145	53153.1	4353.14	7.72688	200.43	1037.25	492	492	538.666	599.594	598.08	898.605	544.995	353.053	753.139	14	215	179	16	213	217	177	181	13	19	212	4	1.16244	0.692888	1	1	-1
54540.5	55624	4568.23	4.79407	201.357	1092.58	470.531	470.531	537.948	599.806	599.154	900.397	540.467	424.048	968.23	20	183	187	16	181	185	185	189	13	19	210	4	0.770047	0.458997	1	1	-1
47341.7	7748.41	4853.69	7.1448	201.041	1290.67	491.999	491.999	472.093	599.747	599.586	900.017	541.744	548.407	953.695	12	159	27	17	157	161	25	29	14	20	211	5	1.03787	0.618638	1	1	-1
44401.5	11887.1	4629.44	5.02631	202.369	1392.23	453.468	453.468	236.815	599.848	600.211	900.743	301.459	787.06	1029.44	44	150	40	16	148	152	38	42	13	19	211	4	0.827603	0.493304	1	1	-1
44806.2	18244.5	4695.68	6.62867	200.902	1075.19	492	492	463.188	600.888	599.569	898.723	706.17	544.451	795.678	24	150	62	17	148	152	60	64	14	20	211	4	1.08148	0.644629	1	1	-1
48421	25433.5	4998.75	8.18209	199.646	1335.43	491.999	491.999	746.564	601.319	599.636	899.45	721.001	533.53	798.753	14	162	86	18	160	164	84	88	15	21	212	5	1.10357	0.657798	1	1	-1
8709.49	30195.9	4529.72	110.623	202.876	1300.8	38.0123	38.0123	179.109	599.434	600.321	900.236	609.492	795.881	929.716	79	30	101	16	28	32	99	103	13	19	212	4	0.800985	0.477438	1	1	-1
57336.8	43951.4	4630.75	8.46874	200.781	1205.66	456.622	456.622	346.252	600.144	599.509	901.711	636.791	451.368	1030.75	13	192	148	16	190	194	146	150	13	19	214	4	1.08041	0.643995	1	1	-1
28957.1	48312	4540.39	6.39318	200.851	1021.07	492	492	456.31	599.23	600.169	900.127	457.081	612.047	940.386	13	98	162	16	96	100	160	164	13	19	211	4	0.979259	0.583702	1	1	-1
18513.3	57017.6	4676.41	14.0648	202.005	1216.06	189.184	189.184	462.674	600.296	599.155	899.569	513.287	317.6	776.415	22	63	192	17	61	65	190	194	14	20	214	5	1.09259	0.651256	1	1	-1
70434.8	57901.7	4704.14	7.40324	201.628	1247.11	453.435	453.435	289.443	599.662	600.025	899.856	534.794	601.672	804.135	13	236	194	17	234	238	192	196	14	20	213	4	1.01295	0.603786	1	1	-1
52656.7	65724.6	4811.65	6.28161	201.14	1332.89	492	492	486.691	599.35	600.482	900.439	456.685	624.567	911.648	18	177	220	17	175	179	218	222	14	20	211	4	1.0217	0.609	1	1	-1
55990	71124.7	4782.9	7.19986	200.953	1017.47	485.378	485.378	510.263	599.054	600.068	899.814	490.035	624.736	882.896	20	188	238	17	186	190	236	240	14	20	213	5	1.08421	0.646256	1	1	-1
71147.9	71856.3	4821.38	7.60274	201.346	1232.38	492	492	389.421	600.481	601.021	899.916	647.87	756.261	921.38	15	238	240	17	236	240	238	242	14	20	213	5	1.1748	0.700259	1	1	-1
74342.3	73691.8	4826.99	8.29148	200.409	1131.79	465.629	465.629	523.974	599.713	598.985	900.423	542.303	491.845	926.99	16	249	247	17	247	251	245	249	14	20	212	5	1.09658	0.653634	1	1	-1
47280.5	2708.45	4931.8	7.49332	200.409	1092.25	455.307	455.307	463.663	599.322	600.102	900.729	480.497	608.447	1031.8	11	159	10	17	157	161	8	12	14	20	213	4	0.998357	0.595085	1	1	-1
30601.7	3762.56	5087.3	7.88455	200.58	1255.28	492	492	449.861	599.941	598.537	899.408	601.745	462.556	887.297	18	103	14	18	101	105	12	16	15	21	211	4	1.13152	0.674456	1	1	-1
4069.28	5030.92	5077.81	6.95621	200.54	1348.64	492	492	514.287	599.145	599.822	900.178	469.285	530.915	877.808	16	15	18	18	13	17	16	20	15	21	216	4	1.02135	0.608789	1	1	-1
53723	6985.65	5447.57	21.1387	202.698	1444.74	188.169	188.169	138.525	600.979	600.068	899.848	923.017	685.648	947.565	21	179	24	19	177	181	22	26	16	22	217	4	1.16813	0.696282	1	1	-1
5011.7	10078.5	5103.8	7.07982	200.412	1293.84	492	492	472.148	599.382	599.441	900.525	511.704	478.518	903.798	15	18	35	18	16	20	33	37	15	21	212	4	0.981771	0.585199	1	1	-1
46245.2	15669	5089.28	6.76111	200.946	1337.91	492	492	525.857	600.481	600.329	899.595	645.187	668.962	889.281	12	155	53	18	153	157	51	55	15	21	214	4	0.937348	0.558719	1	1	-1
2400.8	23074.6	4971.7	5.77604	200.999	1377.14	492	492	660.286	599.941	599.916	898.886	600.798	574.594	771.705	16	9	78	18	7	11	76	80	15	21	211	4	0.86539	0.515828	1	1	-1
12373.6	29164.2	5085.72	7.13096	200.814	1303.08	492	492	488.528	600.38	600.549	899.62	673.596	664.193	885.717	15	42	98	18	40	44	96	100	15	21	212	4	1.06372	0.634044	1	1	-1
60879.5	41027.1	5009.27	7.30145	200.508	955.898	492	492	634.072	599.688	599.586	898.582	579.485	527.135	809.265	13	204	138	18	202	206	136	140	15	21	213	5	1.01861	0.607158	1	1	-1
28684.8	42936.3	4960.69	7.4632	200.766	1014.04	492	492	420.151	599.653	600.118	898.57	484.831	636.255	760.688	13	97	144	18	95	99	142	146	15	21	212	4	1.01574	0.605445	1	1	-1
27915.1	54787.6	5449.97	8.58677	202.521	1452.48	324.988	324.988	368.23	600.548	599.992	899.36	915.099	787.592	649.968	21	93	183	20	91	95	181	185	17	23	211	4	1.26898	0.756394	1	1	-1
17576.9	61053.7	4779.49	6.24198	200.911	1097.5	492	492	429.296	598.713	598.95	899.949	476.857	453.675	879.495	16	60	205	17	58	62	203	207	14	20	210	4	1.00954	0.601753	1	1	-1
37652.5	68550.5	4926.29	8.28109	200.863	915.39	481.94	481.94	321.841	598.687	599.5	898.357	452.528	450.485	726.293	17	127	230	18	125	129	228	232	15	21	212	4	1.13317	0.675442	1	1	-1
12641.9	70522.6	4955.19	7.31686	200.817	1293.46	437.058	437.058	464.691	600.262	600.161	899.061	641.898	622.564	755.193	13	43	236	18	41	45	234	238	15	21	213	4	0.946621	0.564247	1	1	-1
32756.7	4938.14	5429.68	7.95011	201.094	1054.1	395.136	395.136	439.157	600.279	598.985	900.88	656.678	438.138	929.681	18	110	18	19	108	112	16	20	16	22	211	4	1.13094	0.67411	1	1	-1
73346.7	22660	5239.81	7.04272	200.934	1211.85	492	492	465.53	600.609	599.256	898.58	746.656	459.972	739.811	14	245	77	19	243	247	75	79	16	22	212	4	1.07058	0.638134	1	1	-1
22610.7	23776.2	5328.52	8.14458	200.184	974.734	492	492	506.316	600.795	600.525	899.137	710.698	676.214	828.524	13	76	80	19	74	78	78	82	16	22	210	5	1.0859	0.647266	1	1	-1
72797.9	38941.4	5268.6	5.61501	201.118	1095.82	465.5	465.5	501.75	599.746	599.526	899.729	497.864	541.413	768.601	12	244	131	19	242	246	129	133	16	22	209	4	0.853852	0.508951	1	1	-1
13242.9	53756.8	5487.58	5.74036	201.064	1404.92	492	492	569.274	600.372	600.186	900.515	642.938	656.822	987.583	16	45	180	19	43	47	178	182	16	22	213	4	0.949462	0.56594	1	1	-1
33750.9	55401.7	5237.66	8.4466	201.305	1208.48	384.254	384.254	421.44	599.019	599.865	899.442	450.94	501.682	737.655	19	114	186	19	112	116	184	188	16	22	216	4	0.979494	0.583842	1	1	-1
70363.6	55256.2	5154.8	6.43035	200.94	1149.84	468.415	468.415	443.503	599.526	599.501	899.983	463.571	656.205	954.797	19	236	185	18	234	238	183	187	15	21	211	4	0.959337	0.571827	1	1	-1
13576.6	65772	5314.44	7.47962	200.102	1282.39	491.999	491.999	561.415	600.499	600.686	899.153	676.576	671.989	814.443	16	46	220	19	44	48	218	222	16	22	210	4	0.980935	0.5847	1	1	-1
26087.6	67838.7	5519.83	8.69986	200.095	1259.88	492	492	618.387	599.907	600.127	901.081	587.561	638.676	1019.83	13	88	227	19	86	90	225	229	16	22	215	5	1.12581	0.671057	1	1	-1
71481.6	73475.8	5239.19	6.41179	201.304	1017.85	492	492	426.112	600.152	600	898.319	681.627	575.828	739.191	14	239	246	19	237	241	244	248	16	22	211	4	1.05413	0.628332	1	1	-1
58685	73518.1	5781.36	7.7757	201.742	1437.87	492	492	562.399	601.108	599.849	900.563	784.967	618.07	981.358	16	196	246	20	194	198	244	248	17	23	214	5	1.32174	0.787842	1	1	-1
29326.6	9491.66	5524.41	6.1265	201.21	1011.38	492	492	419.042	600.161	599.18	898.571	526.643	491.665	724.407	14	99	33	20	97	101	31	35	17	23	210	4	1.06452	0.634522	1	1	-1
45038.7	11616.9	5621.3	5.94475	201.194	1393.47	479.462	479.462	605.892	600.008	599.418	899.241	638.725	516.948	821.296	12	151	40	20	149	153	38	42	17	23	211	4	0.937032	0.558531	1	1	-1
52814.4	17303.3	5646.67	7.05006	201.162	1230.18	491.999	491.999	444.432	600.574	599.401	899.198	614.449	503.287	846.675	13	177	59	20	175	179	57	61	17	23	214	5	1.07447	0.640452	1	1	-1
35281.3	29198.5	5646.53	6.63951	201.641	1185.39	334.441	334.441	508.204	599.036	600.321	899.687	481.289	698.499	846.528	15	119	98	20	117	121	96	100	17	23	213	4	0.961765	0.573274	1	1	-1
73404.9	42046.7	5433.22	7.64102	199.848	977.596	492	492	655.267	599.289	600.533	899.645	504.915	646.675	933.219	22	246	141	19	244	248	139	143	16	22	211	4	1.03607	0.617562	1	1	-1
47091.4	57167.9	5555.47	125.672	202.964	1192.7	88.9252	88.9252	59.3201	600.127	599.983	899.283	591.396	167.862	755.471	28	158	193	20	156	160	191	195	17	23	212	4	0.903378	0.538471	1	1	-1
53978.2	59653.8	5563.06	6.93931	200.703	1035.05	492	492	490.646	599.45	599.941	898.689	578.238	553.794	763.061	19	181	200	20	179	183	198	202	17	23	211	4	1.00491	0.598993	1	1	-1
46801.3	70067.8	6031.28	9.76428	201.06	1721.49	492	492	513.228	599.554	600.908	900.252	601.311	767.832	931.277	14	157	234	21	155	159	232	236	18	24	213	6	1.47418	0.878705	1	1	-1
31126.7	71702.1	5823.04	7.82357	200.574	1145.98	492	492	588.563	599.241	599.865	898.203	526.677	602.132	723.037	17	105	240	21	103	107	238	242	18	24	211	5	1.13961	0.679283	1	1	-1
70516.1	2494.66	5945.17	7.80719	200.549	1313.64	492	492	483.254	599.603	600.431	899.907	616.133	694.66	845.173	16	236	9	21	234	238	7	11	18	24	213	5	1.13644	0.677391	1	1	-1
73298.6	12097.6	6160.24	6.30764	201.014	1347.96	491.998	491.998	592.683	600.701	600.11	901.595	698.581	697.613	1060.24	19	245	41	21	243	247	39	43	18	24	212	5	1.02674	0.612001	1	1	-1
7461.21	12996	6071.15	26.0701	202.257	1302.25	141.539	141.539	151.179	599.577	599.797	899.518	561.214	696.04	971.153	16	26	44	21	24	28	42	46	18	24	215	4	0.860481	0.512902	1	1	-1
43269.1	24397.3	5802.46	6.65551	201.445	1228.61	492	492	326.49	600.076	600.643	900.871	669.059	697.319	1002.46	14	145	82	20	143	147	80	84	17	23	214	4	1.03607	0.617562	1	1	-1
25956.2	43996.2	5960.38	7.14209	200.765	980.21	492	492	513.149	599.434	599.569	899.577	456.215	496.191	860.378	12	88	148	21	86	90	146	150	18	24	212	4	1.04207	0.621141	1	1	-1
57633.4	50732.2	6054.34	7.33473	201.049	1526.29	492	492	387.099	600.533	599.755	900.541	633.385	632.154	954.339	17	193	170	21	191	195	168	172	18	24	212	5	1.04182	0.620991	1	1	-1
33880.1	53296	6371.73	7.12535	202.2	1420.85	492	492	427.425	599.555	600.202	898.294	580.134	796.007	671.734	19	114	178	23	112	116	176	180	20	26	213	5	1.39652	0.832418	1	1	-1
1725.68	55670.3	5832.44	6.59651	201.002	1155.69	492	492	439.374	599.704	599.264	901.632	525.677	470.265	1032.44	10	7	187	20	5	9	185	189	17	23	210	4	0.995128	0.59316	1	1	-1
21751.4	66618.1	5988.19	8.32603	200.81	1415.72	492	492	436.414	600.786	599.949	900.481	751.419	618.082	888.191	14	73	223	21	71	75	221	225	18	24	217	5	1.15683	0.689546	1	1	-1
52474.3	66517.2	6138.54	6.60097	201.24	1429.89	492	492	540.388	599.874	599.612	898.415	574.341	517.163	738.537	16	176	223	22	174	178	221	225	19	25	212	4	1.0699	0.637732	1	1	-1
40333.9	68652.7	5925.6	5.24074	201.609	1006.47	492	492	451.78	599.257	599.882	899.248	433.928	552.656	825.597	22	136	230	21	134	138	228	232	18	24	210	4	0.964833	0.575103	1	1	-1
67706.1	7090.85	6362.92	7.18644	200.989	1084.55	492	492	489.784	599.958	599.325	900.684	506.144	490.848	962.92	17	227	25	22	225	229	23	27	19	25	212	5	0.996776	0.594143	1	1	-1
48560.1	10539.2	6501.32	8.653	201.45	1411.97	398.311	398.311	390.39	599.764	599.916	900.084	560.082	639.228	801.319	15	163	36	23	161	165	34	38	20	26	212	5	1.11556	0.664943	1	1	-1
65731.4	28496	6448.47	8.94487	200.097	1122.43	492	492	560.942	600.203	599.949	902.205	631.395	595.971	1048.47	13	220	96	22	218	222	94	98	19	25	212	5	1.20816	0.720138	1	1	-1
55779.4	30651.7	6369.71	6.69169	201.644	1028.11	397.028	397.028	385.935	599.679	600.347	900.778	579.406	651.652	969.707	16	187	103	22	185	189	101	105	19	25	210	5	0.921981	0.54956	1	1	-1
47964.2	33841.6	6469.01	6.34761	202.455	1487.43	492	492	342.901	600.412	600.076	899.916	864.183	841.622	769.014	18	160	113	23	158	162	111	115	20	26	211	4	1.18743	0.707783	1	1	-1
36410.4	36125.8	6511.13	8.56002	200.099	1175.23	492	492	581.041	600.685	601.006	898.927	710.433	725.821	811.134	16	122	121	23	120	124	119	123	20	26	213	5	1.21634	0.725015	1	1	-1
67789.2	55212.1	6773.77	7.34499	202.002	1474.33	492	492	780.376	599.841	600.017	899.523	589.249	612.066	773.768	13	227	185	24	225	229	183	187	21	27	213	6	1.20911	0.720705	1	1	-1
33582	56954.8	6347.36	7.06789	201.028	1171.32	492	492	494.561	599.451	599.359	900.515	582.027	554.846	947.357	14	113	191	22	111	115	189	193	19	25	212	4	1.08421	0.646256	1	1	-1
56373.9	61709.7	6203.19	10.1188	201.926	1202.74	302.841	302.841	262.823	600.702	599.002	900.626	573.86	509.691	803.192	23	189	207	22	187	191	205	209	19	25	212	5	1.02408	0.610416	1	1	-1
19705.9	74295.4	6317.54	6.31214	200.88	1292.5	491.999	491.999	444.738	599.467	599.298	899.501	505.942	495.372	917.536	13	67	249	22	65	69	247	251	19	25	210	4	0.941368	0.561116	1	1	-1
72294.7	4831.48	6434.54	6.26128	200.555	1011.54	492	492	605.517	599.975	599.992	898.494	594.697	631.481	734.537	14	242	17	23	240	244	15	19	20	26	212	4	0.864859	0.515511	1	1	-1
27353.6	11123.7	6807.23	8.11943	202.334	1698.25	492	492	451.316	600.679	599.782	902.649	653.634	623.71	1107.23	18	92	38	23	90	94	36	40	20	26	213	6	1.49357	0.890261	1	1	-1
57060.3	13808	6677.92	7.60249	200.328	1340.92	489.815	489.815	482.237	600.525	599.992	900.889	660.29	607.966	977.915	15	191	47	23	189	193	45	49	20	26	213	4	1.01295	0.603786	1	1	-1
15978.1	14956.9	6352.16	7.05765	200.173	1034.78	492	492	503.091	600.534	599.661	900.542	678.072	556.907	952.165	12	54	51	22	52	56	49	53	19	25	210	4	0.883232	0.526463	1	1	-1
14469	22865.5	6475.03	7.05228	200.562	1000.17	492	492	512.84	600.305	600.237	898.325	669.006	665.539	775.033	20	49	77	23	47	51	75	79	20	26	212	4	0.967518	0.576703	1	1	-1
11855.3	25635.8	6466.2	7.36899	201.036	1147.41	492	492	372.58	599.053	600.355	898.418	455.267	735.817	766.2	15	41	86	23	39	43	84	88	20	26	212	4	1.07746	0.642235	1	1	-1
67015.1	30493.9	6590.36	7.11337	200.562	1018.71	492	492	590.924	600.879	599.088	900.144	715.06	493.856	890.356	15	224	103	23	222	226	101	105	20	26	211	4	1.01153	0.602935	1	1	-1
53867.3	35039.3	6676.28	6.19944	200.59	1613.21	492	492	607.16	599.264	599.873	901.227	467.303	539.254	976.277	25	181	118	23	179	183	116	120	20	26	213	4	0.952846	0.567957	1	1	-1
14221.1	35973	6804.48	8.5206	200.488	1247.58	492	492	483.821	600.887	600.034	898.716	721.084	573.047	804.477	12	48	121	24	46	50	119	123	21	27	213	5	1.21574	0.724661	1	1	-1
33718.2	44814.7	6755.09	6.32023	200.729	1208.81	492	492	649.744	600.566	600.727	898.944	718.235	714.737	755.089	12	113	150	24	111	115	148	152	21	27	212	4	0.95119	0.56697	1	1	-1
64621.8	56206.9	6383.21	6.20163	200.61	1098.35	492	492	529.148	600.559	600.381	900.432	721.844	706.86	983.213	12	216	188	22	214	218	186	190	19	25	210	4	0.979025	0.583562	1	1	-1
48232.6	57578.7	6726.44	6.65946	200.827	1382.31	492	492	578.007	599.924	600.025	898.041	532.618	578.691	726.442	16	162	193	24	160	164	191	195	21	27	211	4	1.05317	0.627756	1	1	-1
2291.63	62087.3	6611.01	8.39615	200.477	1206.13	492	492	480.365	599.4	600	899.485	491.63	587.341	911.009	14	9	208	23	7	11	206	210	20	26	213	5	1.1717	0.698407	1	1	-1
36012.1	3337.16	6955.02	6.22633	201.051	1201.66	492	492	517.829	599.679	599.814	900.405	612.102	637.164	955.025	20	121	12	24	119	123	10	14	21	27	212	4	0.968401	0.577229	1	1	-1
65892.9	6484	6943.69	7.92	200.991	1096.96	492	492	369.663	599.679	601.463	900.989	492.884	784.001	943.693	12	221	22	24	219	223	20	24	21	27	213	4	1.12881	0.672845	1	1	-1
37151.1	9890.92	7067.37	8.41838	200.395	1222.1	492	492	522.751	599.924	599.696	902.399	551.147	590.917	1067.37	14	125	34	24	123	127	32	36	21	27	211	5	1.22642	0.731025	1	1	-1
27428.7	35151.7	6876.71	7.85958	199.707	1096.65	492	492	632.549	601.025	600.559	899.687	728.732	651.732	876.715	12	92	118	24	90	94	116	120	21	27	211	4	1.08317	0.645642	1	1	-1
63961.1	35989.5	7006.63	8.46908	200.417	1153.94	492	492	480.987	600.355	599.856	901.259	661.058	589.453	1006.63	12	214	121	24	212	216	119	123	21	27	213	5	1.15649	0.689343	1	1	-1
9731.54	38965.8	6921.36	7.48364	200.498	1103.7	492	492	482.793	598.866	599.619	899.712	431.543	565.827	921.364	12	34	131	24	32	36	129	133	21	27	212	4	1.03888	0.619241	1	1	-1
38338.6	39634.2	6768.89	6.42041	200.586	1173.98	492	492	498.829	599.585	599.975	898.984	538.586	634.182	768.892	12	129	133	24	127	131	131	135	21	27	211	4	0.952052	0.567484	1	1	-1
49830.6	40592.6	6600.92	6.58147	201.08	983.178	492	492	383.05	600.364	600.355	899.814	630.606	692.579	900.925	14	167	136	23	165	169	134	138	20	26	211	4	0.927698	0.552968	1	1	-1
57360.9	42968.9	6892.32	6.71847	200.222	1222.78	492	492	605.901	600.22	600.144	899.873	660.856	668.898	892.317	15	192	144	24	190	194	142	146	21	27	213	4	0.893582	0.532632	1	1	-1
35825.3	56248.4	6810.17	6.7745	201.332	1073.78	492	492	364.59	599.307	600.49	899.357	425.335	748.384	810.175	15	121	188	24	119	123	186	190	21	27	213	4	0.93243	0.555788	1	1	-1
28248.6	66422.7	6846.81	6.51719	201.668	1340.09	492	492	319.476	599.147	600.329	899.451	648.584	722.75	846.812	15	95	222	24	93	97	220	224	21	27	212	4	1.01861	0.607158	1	1	-1
12513.7	67098.6	6930.59	7.81118	200.708	1350.47	492	492	505.902	599.223	599.358	900.304	513.74	498.595	930.595	14	43	225	24	41	45	223	227	21	27	214	5	1.05055	0.626193	1	1	-1
7338.15	72218.6	6762.11	5.56106	200.794	1109.08	492	492	659.09	598.74	599.704	899.23	438.145	518.606	762.11	16	26	242	24	24	28	240	244	21	27	211	4	0.819027	0.488193	1	1	-1
9433.3	2338.36	7239.29	7.26569	200.137	1080.91	492	492	724.875	600.921	599.73	900.921	733.296	538.363	939.29	15	32	9	25	30	34	7	11	22	28	214	4	1.06035	0.632035	1	1	-1
13320.5	16180.4	7267.12	8.10903	200.943	1187.79	468.745	468.745	451.285	600.743	599.78	900.549	720.55	580.387	967.12	15	45	55	25	43	47	53	57	22	28	213	5	1.14685	0.683598	1	1	-1
46312.5	16046.4	7122.34	7.34176	201.159	963.184	492	492	377.146	600.795	599.265	899.222	712.472	446.356	822.338	16	155	55	25	153	157	53	57	22	28	213	4	0.967688	0.576804	1	1	-1
20321.9	28026.1	7185.2	6.49049	200.305	1290.25	492	492	612.287	599.644	600.838	899.788	521.896	726.088	885.202	15	69	94	25	67	71	92	96	22	28	212	4	0.911593	0.543368	1	1	-1
52755.8	31072.2	7149.26	4.75889	201.357	1026.05	492	492	477.237	599.67	600.533	899.484	555.782	772.191	849.263	15	177	104	25	175	179	102	106	22	28	209	4	0.853776	0.508905	1	1	-1
63228.1	41544.2	7324.67	9.56557	199.825	1109.44	492	492	584.206	599.451	601.267	901.605	528.06	744.214	1024.67	14	212	139	25	210	214	137	141	22	28	213	5	1.26335	0.753039	1	1	-1
18275.8	54060	7242	5.90294	201.376	995.034	492	492	414.852	599.975	600.685	900.254	575.757	659.982	942	15	62	181	25	60	64	179	183	22	28	210	4	0.935594	0.557674	1	1	-1
12112.1	55707.8	6938.26	7.91381	200.834	989.903	492	492	347.137	600.889	599.56	899.594	712.066	507.773	938.255	13	41	187	24	39	43	185	189	21	27	210	4	1.04176	0.620953	1	1	-1
19825.2	56288.1	7080.44	8.60172	200.762	1087.05	492	492	349.12	600.262	599.425	898.147	625.174	488.119	780.442	14	67	189	25	65	69	187	191	22	28	213	5	1.15677	0.689512	1	1	-1
59157.2	56345.7	7086.39	9.08722	201.063	1183.78	291.974	291.974	458.246	599.805	599.72	898.465	657.214	545.715	786.386	24	198	189	25	196	200	187	191	22	28	215	4	0.94332	0.562279	1	1	-1
55848.6	66648.6	7238.72	7.60187	200.497	1192.2	492	492	484.246	600.44	600.304	900.516	648.609	648.571	938.717	15	187	223	25	185	189	221	225	22	28	211	5	1.08314	0.645624	1	1	-1
74559.3	72138.4	7188.95	6.04593	200.949	1112.57	491.999	491.999	571.058	600.82	600.87	899.992	759.29	738.436	888.949	17	249	241	25	247	251	239	243	22	28	210	4	0.989999	0.590103	1	1	-1
22815.1	5725.69	7335.74	5.17687	200.9	1250.53	492	492	566.808	600.051	600.423	899.204	615.064	625.693	735.738	16	77	20	26	75	79	18	22	23	29	211	4	0.854929	0.509592	1	1	-1
1785.85	15596	7392.53	7.14933	201.077	1193.04	492	492	444.887	599.612	599.949	898.243	585.847	596	792.532	17	7	53	26	5	9	51	55	23	29	211	4	1.13091	0.674093	1	1	-1
27759.3	25165.9	7478.85	7.76225	200.053	1103.74	492	492	520.857	599.153	599.983	899.314	459.321	565.885	878.849	18	94	85	26	92	96	83	87	23	29	214	4	1.06898	0.637183	1	1	-1
54644.1	36931.8	7271.44	6.59931	200.623	1185.16	492	492	508.221	600.364	600.008	900.474	644.138	631.772	971.438	12	183	124	25	181	185	122	126	22	28	211	4	0.917375	0.546814	1	1	-1
53381.1	38745.8	7332.22	6.70309	200.439	1106.44	492	492	598.768	599.78	600.042	898.384	581.082	645.81	732.222	13	179	130	26	177	181	128	132	23	29	213	4	1.00573	0.59948	1	1	-1
40566.5	41358.9	7397.03	7.71465	200.65	1106.53	492	492	415.997	600.237	600.118	898.883	666.526	558.918	797.026	12	136	139	26	134	138	137	141	23	29	212	4	1.06726	0.636157	1	1	-1
49472.8	42204.4	7051.93	5.28058	200.892	1030.41	492	492	595.319	599.882	599.602	898.613	572.798	504.351	751.927	13	166	142	25	164	168	140	144	22	28	209	4	0.814806	0.485676	1	1	-1
64110	49560.9	7401.94	5.31158	200.886	1179.84	492	492	563.104	599.543	600.288	901.523	509.967	660.895	1101.94	16	215	166	25	213	217	164	168	22	28	210	4	0.893068	0.532326	1	1	-1
38027.3	64545.6	7450.91	6.41804	200.57	1109.38	486.505	486.505	496.683	599.424	600.44	899.966	527.253	645.557	850.91	16	128	216	26	126	130	214	218	23	29	211	4	0.918448	0.547454	1	1	-1
48375.8	67921.6	7576.39	7.70088	201.555	1003.45	374.833	374.833	439.201	600.634	601.166	900.068	675.759	721.592	976.394	21	162	227	26	160	164	225	229	23	29	213	5	1.04757	0.62442	1	1	-1
11756.4	73936.5	7370.31	6.83833	201.573	1133.08	492	492	349.355	600.211	599.992	899.012	656.373	736.545	770.311	17	40	247	26	38	42	245	249	23	29	211	4	1.07572	0.641199	1	1	-1
SPOTS_END
