FISH-QUANT	v3a
File-version	3D_v1
RESULTS OF SPOT DETECTION PERFORMED ON 25-Sep-2021 
COMMENT	
IMG_Raw	Poiss_300spots_bg_200_2_I_300_0_img1.tif
IMG_Filtered	
IMG_DAPI	
IMG_TS_label	
FILE_settings	Poiss_300spots_bg_200_2_I_300_0_img1__settings_MATURE.txt
PARAMETERS
Pix-XY	Pix-Z	RI	Ex	Em	NA	Type
300	300	1.33	547	583	1.4	widefield
CELL_START	EntireImage
X_POS	1	1	256	256	
Y_POS	1	256	256	1	
Z_POS	
CELL_END
SPOTS_START
Pos_Y	Pos_X	Pos_Z	AMP	BGD	RES	SigmaX	SigmaY	SigmaZ	Cent_Y	Cent_X	Cent_Z	MuY	MuX	MuZ	ITERY_det	Y_det	X_det	Z_det	Y_min	Y_max	X_min	X_max	Z_min	Z_max	INT_raw	INT_filt	SC_det	SC_det_norm	TH_det	TH_fit	IN_nuc
30250	17599.7	1571.23	8.96334	200.554	1303.29	447.102	447.102	443.003	599.789	599.433	901.024	549.973	499.749	971.228	15	102	60	6	100	104	58	62	3	9	215	5	1.19432	0.6886	1	1	-1
2302.89	19457.9	1561.74	7.86562	200.836	1130.79	471.817	471.817	420.429	599.433	599.29	900.237	502.892	557.882	961.738	11	9	66	6	7	11	64	68	3	9	211	5	1.15328	0.664936	1	1	-1
33086	24790.2	1614.13	7.26711	200.773	963.204	492	492	480.695	600.211	599.146	901.488	685.973	490.195	1014.13	13	111	84	6	109	113	82	86	3	9	210	4	1.0928	0.630069	1	1	-1
25238.9	48056.5	1524.69	7.49729	201.007	1341.46	492	492	484.055	600.152	600.051	900.371	638.85	656.471	924.685	15	85	161	6	83	87	159	163	3	9	212	4	1.11343	0.641964	1	1	-1
22727.9	53045.2	1687.58	9.55413	199.467	1238.34	491.999	491.999	558.506	599.365	599.577	898.561	527.903	545.176	787.577	15	77	178	7	75	79	176	180	4	10	212	5	1.23929	0.714525	1	1	-1
20230.9	68474.9	1545.92	6.60838	202.602	1417.21	492	492	292.969	600.168	600.008	901.346	730.873	374.887	945.92	19	68	230	6	66	70	228	232	3	9	212	4	1.2929	0.745437	1	1	-1
13926.2	68703.4	1600.07	8.13826	200.686	1219.67	492	492	526.771	598.667	600.068	901.477	426.197	603.378	1000.07	12	48	230	6	46	50	228	232	3	9	212	5	1.15148	0.663901	1	1	-1
7926.25	6442.93	1987.47	8.87915	200.334	1208.37	492	492	515.776	598.859	598.995	898.031	426.245	442.927	787.468	16	28	23	8	26	30	21	25	5	11	213	5	1.23176	0.710188	1	1	-1
51756.7	8457.68	2648.39	8.46015	202.491	1522.35	387.809	387.809	341.623	600.977	600.859	899.975	756.75	957.676	1148.39	12	173	28	9	171	175	26	30	6	12	213	4	1.27242	0.733628	1	1	-1
8299.42	8923.31	1844.56	7.51537	200.647	1162.81	492	492	549.46	599.164	599.434	900.549	499.424	523.307	944.559	12	29	31	7	27	31	29	33	4	10	212	5	1.04204	0.6008	1	1	-1
59282	11454	1966.74	6.99146	201.232	1373.22	492	492	422.67	599.105	600.363	899.071	482.045	653.982	766.737	13	199	39	8	197	201	37	41	5	11	211	5	1.0767	0.620783	1	1	-1
21471.5	28255.2	1754.89	7.14764	200.628	993.366	492	492	534.117	599.349	600.085	899.391	471.48	655.17	854.888	14	73	95	7	71	75	93	97	4	10	217	4	1.08635	0.62635	1	1	-1
29109.2	31518.7	1910.12	7.97178	201.187	1151.35	492	492	419.136	599.84	599.73	897.773	609.197	618.655	710.115	17	98	106	8	96	100	104	108	5	11	216	5	1.1997	0.691701	1	1	-1
21983.5	32114.6	1995.46	9.33445	200.442	1198.79	475.033	475.033	498.596	600.802	600.118	899.021	683.466	614.641	795.463	13	74	108	8	72	76	106	110	5	11	212	5	1.25684	0.724644	1	1	-1
12645.9	35152.7	1646.94	5.65304	200.785	998.758	491.999	491.999	547.531	598.738	600.762	899.492	345.905	652.699	746.94	19	44	118	7	42	46	116	120	4	10	209	4	0.94088	0.542475	1	1	-1
60768.5	38143.9	1832.82	7.70586	202.121	1231.29	343.876	343.876	348.69	599.688	599.865	900.819	468.463	643.873	932.823	15	204	128	7	202	206	126	130	4	10	214	5	0.996711	0.574665	1	1	-1
19670.8	39479.1	1748.96	6.53956	201.603	1058.34	492	492	430.582	600.725	599.57	899.477	770.782	479.115	848.956	12	66	133	7	64	68	131	135	4	10	210	4	1.06618	0.614721	1	1	-1
21382.1	40399	2038.22	9.202	202.415	1871.27	492	492	440.446	600.259	599.422	898.87	682.142	498.975	838.224	14	72	136	8	70	74	134	138	5	11	217	6	1.45119	0.836699	1	1	-1
19808.3	43205.7	1914.71	6.7606	201.641	1459.14	413.933	413.933	470.91	600.169	600.506	901.561	608.294	605.743	1014.71	21	67	145	7	65	69	143	147	4	10	212	4	0.998949	0.575956	1	1	-1
16820.2	49814.5	2809.54	4.55128	203.361	1590.05	398.144	398.144	558.929	600.688	599.497	901.292	620.188	614.462	1309.54	24	57	167	9	55	59	165	169	6	12	216	4	1.03787	0.598397	1	1	-1
32270.3	61235.9	1674.63	8.12181	200.068	898.098	492	492	564.188	599.137	600.11	898.909	470.303	635.863	774.634	13	109	205	7	107	111	203	207	4	10	211	4	1.09709	0.632542	1	1	-1
53785.3	61319.8	1785.24	7.32633	200.179	1339.99	491.999	491.999	558.922	600.305	601.075	900.195	685.345	719.807	885.243	19	180	205	7	178	182	203	207	4	10	215	4	1.03311	0.595654	1	1	-1
22606.9	9016.33	2234.88	7.95087	200.354	1159.03	492	492	511.117	600.66	599.78	901.404	706.908	616.331	1034.88	14	76	31	8	74	78	29	33	5	11	212	5	1.10232	0.635555	1	1	-1
61758.3	22707.2	2491.75	10.268	201.796	1106.42	418.408	418.408	532.648	599.757	599.371	901.694	558.338	507.208	991.752	13	207	77	9	205	209	75	79	6	12	215	7	1.3808	0.796115	1	1	-1
17801.2	23763.3	1960.38	7.51761	200.102	1147.51	491.999	491.999	556.467	600.601	600.178	898.332	701.205	663.257	760.379	15	60	80	8	58	62	78	82	5	11	211	4	1.04339	0.601581	1	1	-1
73175.9	23959.9	1902.03	6.93584	200.663	1231.79	491.964	491.964	454.488	600.059	599.78	900.313	575.927	559.921	1002.03	27	245	81	7	243	247	79	83	4	10	211	4	1.03073	0.594278	1	1	-1
26085.2	43162.4	1969.75	7.05556	200.116	1049.65	492	492	530.01	599.627	599.992	898.169	585.191	562.437	769.755	16	88	145	8	86	90	143	147	5	11	210	4	0.903996	0.52121	1	1	-1
28037.1	66924	2015.02	6.10456	201.107	1202.01	492	492	441.556	599.408	599.822	899.323	437.12	623.984	815.02	14	95	224	8	93	97	222	226	5	11	211	4	0.969146	0.558773	1	1	-1
58088.9	71272.6	2059.51	7.36512	200.608	1272.29	442.516	442.516	579.8	599.197	599.087	899.975	488.874	472.593	859.515	14	195	239	8	193	197	237	241	5	11	212	4	1.0737	0.619057	1	1	-1
45648.9	8937.43	2390.63	7.4342	200.645	1114.07	492	492	464.019	600.507	599.56	900.178	648.885	537.425	890.63	16	153	31	9	151	155	29	33	6	12	213	4	1.10119	0.634902	1	1	-1
36568.2	9892.15	2454.33	8.20369	200.964	1115.89	420.429	420.429	405.239	599.518	599.772	900.228	568.218	592.149	954.33	18	123	34	9	121	125	32	36	6	12	213	5	1.01913	0.58759	1	1	-1
50523.2	13595.9	2322.41	5.55003	201.328	861.269	492	492	459.188	601.031	600.668	899.856	723.153	695.872	822.41	12	169	46	9	167	171	44	48	6	12	210	4	0.960535	0.553808	1	1	-1
66244.5	25846.8	2314.52	7.11274	200.794	1373.32	491.212	491.212	481.365	599.823	600.372	899.358	544.451	646.81	814.517	18	222	87	9	220	224	85	89	6	12	215	4	0.97832	0.564062	1	1	-1
73759.1	28034.7	2403.5	6.76704	200.805	1209.63	457.878	457.878	499.339	599.492	600.914	900.068	559.078	734.663	903.501	12	247	94	9	245	249	92	96	6	12	214	4	1.01719	0.586474	1	1	-1
36895.4	31896.1	2552.49	6.53132	201.21	1196.74	492	492	557.152	600.27	600.717	901.51	595.43	696.092	1052.49	15	124	107	9	122	126	105	109	6	12	212	5	1.11146	0.640824	1	1	-1
32703.9	35955.9	2323.36	7.96636	200.286	1131.94	492	492	533.96	599.696	600.017	899.112	603.882	555.896	823.365	17	110	121	9	108	112	119	123	6	12	212	5	1.07996	0.622662	1	1	-1
6006.98	37355.6	2451.36	6.7763	200.747	1174.79	491.998	491.998	512.831	599.907	599.146	900.71	606.976	455.609	951.357	15	21	126	9	19	23	124	128	6	12	213	4	0.998949	0.575956	1	1	-1
69281.8	38852.3	2381.26	7.26891	200.526	1173.63	492	492	493.721	600.296	600.99	899.45	581.802	752.277	881.26	14	232	130	9	230	234	128	132	6	12	211	4	1.04726	0.603809	1	1	-1
22910.9	45250.3	2349.41	6.89021	200.982	1182.66	492	492	459.493	601.006	599.577	899.485	710.902	550.344	849.406	13	77	152	9	75	79	150	154	6	12	213	4	1.0171	0.586418	1	1	-1
64572.1	67542.8	2303.77	6.77104	200.642	1131.84	487.05	487.05	564.268	600.921	600.262	899.535	672.099	642.783	803.772	15	216	226	9	214	218	224	228	6	12	211	5	0.976136	0.562803	1	1	-1
21166.4	72757.7	2519.7	9.9322	200.91	1273.63	492	492	394.857	601.097	601.51	901.375	766.412	757.665	1019.7	12	71	243	9	69	73	241	245	6	12	212	5	1.3358	0.770173	1	1	-1
63803.6	6397.1	2849.15	6.88479	200.526	1164.09	492	492	543.509	599.137	600.812	901.607	503.609	697.104	1049.15	18	214	22	10	212	216	20	24	7	13	213	4	0.992815	0.572419	1	1	-1
61003.8	7481.17	3081.68	9.75423	202.216	1625.32	458.931	458.931	340.965	600.269	599.74	899.462	703.816	581.173	981.676	20	204	26	11	202	206	24	28	8	14	219	6	1.43382	0.826684	1	1	-1
71353.7	10294.4	2669.59	6.05248	200.389	1247.89	492	492	640.744	599.636	600.533	899.678	553.719	694.389	869.591	13	239	35	10	237	241	33	37	7	13	213	4	0.927592	0.534814	1	1	-1
70561.5	14068.8	3162.27	6.07153	202.046	1343.14	491.996	491.996	537.531	599.765	599.975	898.974	661.492	568.84	762.268	24	236	48	12	234	238	46	50	9	15	212	5	1.19797	0.690706	1	1	-1
27119.5	15972.5	2460.07	5.84741	201.352	1231.25	492	492	457.927	600.769	600.372	900.262	719.486	672.542	960.075	16	91	54	9	89	93	52	56	6	12	211	4	0.924507	0.533035	1	1	-1
27920.3	18144.5	2550.44	9.69808	202.331	1393.2	172.502	172.502	403.886	598.715	600	899.619	620.331	744.549	1050.44	18	94	61	9	92	96	59	63	6	12	212	4	0.922693	0.53199	1	1	-1
14453.6	18341.3	2873.59	7.87606	201.097	1029.91	387.488	387.488	521.111	600.642	600.33	899.366	653.572	641.311	773.592	13	49	62	11	47	51	60	64	8	14	212	5	1.0956	0.631678	1	1	-1
42056.2	21878.6	2734.78	11.3328	201.472	1150.45	307.258	307.258	335.293	600.651	600.008	899.365	656.244	578.608	934.778	12	141	74	10	139	143	72	76	7	13	214	5	1.08732	0.626908	1	1	-1
2154.93	29791.2	2789.7	10.2404	201.747	1166.8	372.448	372.448	307.282	599.384	600.338	901.385	654.929	691.214	989.699	17	8	100	10	6	10	98	102	7	13	211	5	1.12117	0.646421	1	1	-1
3636.35	32685.3	2773.67	8.50488	200.428	1062.68	492	492	473.662	600.609	599.958	900.955	636.351	585.319	973.668	12	13	110	10	11	15	108	112	7	13	211	5	1.16639	0.672495	1	1	-1
74131.2	37726.4	2716.79	6.68071	201.434	1153.31	492	492	475.061	599.654	599.68	900.118	631.175	526.356	916.793	18	248	127	10	246	250	125	129	7	13	212	5	1.04314	0.601436	1	1	-1
12669.1	40822.7	2706.34	7.41912	200.327	1319.61	481.836	481.836	466.426	600.491	600.297	900.136	669.112	622.687	906.338	18	43	137	10	41	45	135	139	7	13	216	4	0.976741	0.563152	1	1	-1
20825.8	47175.2	2505.57	7.30317	200.627	1118.49	492	492	544.833	599.121	600.363	898.25	425.833	675.152	705.575	13	71	158	10	69	73	156	160	7	13	212	4	1.13702	0.655561	1	1	-1
54824.9	47438.3	2692.14	7.96016	201.678	1103.75	310.579	310.579	387.445	599.416	600.161	900.44	524.88	638.349	892.145	13	184	159	10	182	186	157	161	7	13	210	4	0.953328	0.549653	1	1	-1
57576.1	48786.1	2755.29	5.79933	201.321	1228.36	492	492	458.176	599.89	599.789	900.794	576.071	486.13	955.292	11	193	164	10	191	195	162	166	7	13	212	4	0.95807	0.552387	1	1	-1
32283.2	52377.8	2721.92	5.43269	201.216	1015.38	492	492	655.484	599.274	599.384	900.481	483.179	477.75	921.917	17	109	176	10	107	111	174	178	7	13	211	4	0.896188	0.516708	1	1	-1
12018.7	70200.4	2795.67	7.19796	200.533	1242.29	492	492	576.48	599.932	599.924	900.718	618.732	600.358	995.666	12	41	235	10	39	43	233	237	7	13	212	4	1.04889	0.604748	1	1	-1
47810.2	6912.57	2925.1	6.79158	200.894	1062.41	491.999	491.999	460.792	600.736	600.414	899.493	710.166	612.566	825.105	13	160	24	11	158	162	22	26	8	14	213	4	0.973373	0.56121	1	1	-1
30859.1	7588.05	3024.73	7.13629	200.824	965.163	492	492	424.92	599.89	600.651	900.584	559.103	688.045	924.733	14	104	26	11	102	106	24	28	8	14	210	4	0.994666	0.573486	1	1	-1
19481	11445.3	2899.88	7.02686	200.545	1012.01	492	492	418.154	599.949	600.373	899.619	581.031	645.271	799.88	15	66	39	11	64	68	37	41	8	14	214	4	0.964663	0.556188	1	1	-1
32186.3	12480.8	3208.4	7.73318	200.904	1318.83	473.267	473.267	466.647	600.245	599.721	899.248	686.282	480.774	808.401	19	108	43	12	106	110	41	45	9	15	212	5	1.12902	0.650948	1	1	-1
23937.2	21047.9	3106.33	6.73914	200.725	1327.35	492	492	515.306	599.467	600.389	900.465	537.208	647.931	1006.33	13	81	71	11	79	83	69	73	8	14	212	4	0.979662	0.564836	1	1	-1
53448.3	22938.8	3135.14	7.67201	200.864	1027.18	427.886	427.886	531.535	600.423	600.871	901.048	648.333	738.823	1035.14	11	179	77	11	177	181	75	79	8	14	211	4	1.04078	0.600073	1	1	-1
27109.9	27125.1	2965.68	7.4446	201.222	1237.04	492	492	474.12	598.878	600.844	900.025	409.884	725.149	865.681	26	92	91	11	90	94	89	93	8	14	213	5	1.10208	0.635418	1	1	-1
49466.1	29820.2	3286.99	10.9693	202.093	1964.4	492	492	374.967	600.411	600.494	900.109	566.094	720.158	886.992	13	166	100	12	164	168	98	102	9	15	221	7	1.5772	0.909352	1	1	-1
15705.3	32984	2946.37	5.28647	201.741	1189.88	492	492	368.385	600.473	600.211	899.181	705.277	583.954	846.369	35	53	111	11	51	55	109	113	8	14	211	4	0.946795	0.545886	1	1	-1
73784	36223.6	2910.58	7.36961	200.708	1334.22	492	492	556.444	600.236	599.51	899.443	584	523.613	810.58	14	247	122	11	245	249	120	124	8	14	211	4	0.995128	0.573753	1	1	-1
61806.6	42875.7	3051.7	7.46503	200.499	1111.24	492	492	564.198	599.552	599.518	900.659	606.64	575.692	951.697	14	207	144	11	205	209	142	146	8	14	212	5	1.09373	0.630606	1	1	-1
35244.6	46497.3	3035.84	8.81241	200.677	1054.09	492	492	366.818	599.044	600.169	901.049	444.605	597.286	935.845	14	119	156	11	117	121	154	158	8	14	210	5	1.12567	0.649017	1	1	-1
23613.1	48798.1	2787.96	5.94282	200.488	1137.04	491.999	491.999	541.919	599.678	599.441	901.364	513.125	498.067	987.957	23	80	164	10	78	82	162	166	7	13	211	4	0.859526	0.49557	1	1	-1
44451	55115	2810.5	5.54144	200.847	1160.1	492	492	500.158	600.246	600.102	898.29	650.951	515.023	710.503	17	149	185	11	147	151	183	187	8	14	214	4	0.997633	0.575197	1	1	-1
25454.3	56780.9	2938.42	7.94092	201.414	1352.02	491.924	491.924	352.408	599.553	599.806	900.371	554.341	680.863	838.418	15	86	190	11	84	88	188	192	8	14	213	5	1.13612	0.655044	1	1	-1
59522.5	66770.9	3113.78	7.1702	200.814	1062.78	492	492	488.176	600.617	599.51	901.082	722.485	470.852	1013.78	13	199	224	11	197	201	222	226	8	14	211	4	1.08272	0.624255	1	1	-1
19256.6	72771.9	3140.31	7.21736	201.586	1263.43	492	492	339.04	600.338	600.684	900.093	656.636	771.889	1040.31	16	65	243	11	63	67	241	245	8	14	213	4	1.04732	0.603845	1	1	-1
41526.9	11953.1	3154.45	9.09835	199.978	1227.88	492	492	503.91	600.939	599.585	898.012	726.938	553.112	754.446	14	139	41	12	137	141	39	43	9	15	212	5	1.19187	0.687188	1	1	-1
36484.2	15918.7	3273.91	6.61262	200.511	1079.95	492	492	651.864	599.222	600.338	899.915	484.205	618.687	873.905	17	123	54	12	121	125	52	56	9	15	211	4	0.931408	0.537014	1	1	-1
71442.8	17964	3353.34	7.68985	200.849	1308.36	461.181	461.181	452.633	600.38	599.679	900.702	642.844	563.971	953.341	14	239	61	12	237	241	59	63	9	15	211	5	1.05737	0.609639	1	1	-1
61206.3	19584.6	3324.62	8.80455	200.491	1085.65	492	492	439.338	600.27	600.744	900.347	606.264	684.551	924.622	13	205	66	12	203	207	64	68	9	15	212	5	1.21046	0.697907	1	1	-1
32559.1	22227.9	3378.16	7.22253	200.425	1066.3	417.759	417.759	613.317	599.153	600.288	900.313	459.143	627.937	978.156	13	110	75	12	108	112	73	77	9	15	211	4	0.960056	0.553532	1	1	-1
50177.9	25967.8	3136.55	8.31629	201.003	1033.79	399.088	399.088	421.745	600.601	600.575	901.261	677.862	767.82	1036.55	16	168	87	11	166	170	85	89	8	14	216	4	1.01684	0.586269	1	1	-1
3783.92	27269.3	3070.78	7.09153	200.878	1236.68	492	492	353.882	599.06	600.339	900.39	483.92	569.283	970.783	15	14	92	11	12	16	90	94	8	14	213	4	1.02193	0.589204	1	1	-1
23990.5	34602.6	3238.44	7.2844	201.638	1045.4	410.386	410.386	350.66	599.755	600.448	898.885	590.506	702.649	838.444	21	81	116	12	79	83	114	118	9	15	215	4	1.02472	0.590814	1	1	-1
61653.8	34856.2	3136.59	6.63079	201.056	1345.8	492	492	435.141	599.256	600.034	897.878	453.805	656.172	736.588	23	207	117	12	205	209	115	119	9	15	212	4	1.10506	0.637133	1	1	-1
27840.8	42951.4	3390.17	8.69174	201.418	1135.18	370.476	370.476	416.859	599.654	600.836	901.259	540.765	651.385	990.169	41	94	144	12	92	96	142	146	9	15	213	5	1.12669	0.649605	1	1	-1
20586.8	43702.8	3188.31	6.93067	200.589	1392.02	492	492	578.448	598.986	599.645	899.434	486.769	502.766	788.306	12	70	147	12	68	72	145	149	9	15	215	4	1.06791	0.615715	1	1	-1
45953.1	48800.4	3220.62	6.25653	200.359	903.11	492	492	547.749	600.474	599.746	899.102	653.118	500.414	820.623	14	154	164	12	152	156	162	166	9	15	211	4	0.953328	0.549653	1	1	-1
62507.4	48785	3204.12	7.08889	201.047	1343.36	492	492	433.14	599.29	599.628	898.876	407.372	485.031	804.124	19	210	164	12	208	212	162	166	9	15	212	4	1.02674	0.591977	1	1	-1
4259.77	52736.5	3821.68	10.1718	203.067	1527.55	492	492	412.479	598.364	600.968	901.82	359.765	836.489	1121.68	16	16	176	13	14	18	174	178	10	16	216	6	1.63675	0.943687	1	1	-1
73761.8	56391.2	3424.9	8.36538	200.356	1142.2	492	492	574.357	599.966	599.671	901.536	561.827	591.181	1024.9	15	247	189	12	245	249	187	191	9	15	211	5	1.05258	0.606875	1	1	-1
18928.8	62153.3	3462.67	8.95398	200.672	1108.82	463.878	463.878	423.283	599.941	600.321	901.961	628.801	653.29	1062.67	14	64	208	12	62	66	206	210	9	15	213	5	1.149	0.662469	1	1	-1
22721.2	66265.9	3276.91	5.87475	201.267	1124.44	492	492	462.279	600.194	600.101	899.4	521.227	565.924	876.909	18	77	222	12	75	79	220	224	9	15	210	4	0.996974	0.574817	1	1	-1
66937.3	2360.12	3851.12	9.04305	201.901	1558.18	492	492	422.827	600.445	599.622	899.941	637.267	560.125	851.122	13	224	9	14	222	226	7	11	11	17	215	6	1.44299	0.831976	1	1	-1
53995.9	6569.89	3762.24	8.13398	200.046	1296.49	492	492	627.039	600.27	599.62	898.749	595.905	569.892	762.238	12	181	23	14	179	183	21	25	11	17	212	5	1.08421	0.625111	1	1	-1
13003.1	26889.1	3691.34	8.29328	200.75	1166.97	492	492	407.591	600.702	599.628	901.133	703.116	489.112	991.339	12	44	91	13	42	46	89	93	10	16	211	5	1.1547	0.665756	1	1	-1
1782.05	28237.4	3410.97	5.55938	202.402	1198.78	492	492	302.979	600.303	600.447	900.396	582.046	637.432	1010.97	31	7	95	12	5	9	93	97	9	15	211	4	0.94832	0.546765	1	1	-1
9052.58	29912.5	3330.84	6.69614	200.748	1325.64	492	492	438.08	600.102	599.729	900.356	652.585	512.48	930.843	18	31	101	12	29	33	99	103	9	15	212	4	1.01877	0.587386	1	1	-1
41509.6	37152.3	3521.29	6.41564	200.97	1006.29	492	492	469.543	598.918	600.22	899.425	409.557	552.308	821.29	17	140	125	13	138	142	123	127	10	16	211	4	1.01732	0.586549	1	1	-1
4001.04	38403.1	3511.49	6.43801	201.162	1446.92	492	492	476.598	601.115	600.017	901.816	701.045	603.054	1111.49	15	14	129	12	12	16	127	131	9	15	213	4	1.07251	0.618369	1	1	-1
48807.4	41119.1	3585.72	7.77933	200.045	989.42	492	492	532.276	599.5	600.008	899.67	507.429	619.116	885.724	12	164	138	13	162	166	136	140	10	16	211	4	0.969417	0.558929	1	1	-1
67673.1	43072.9	3546.08	8.29177	201.975	1185.56	333.059	333.059	457.312	599.486	599.064	899.435	473.112	472.872	846.084	16	227	145	13	225	229	143	147	10	16	212	5	1.04065	0.6	1	1	-1
14615	43176.3	3479.91	6.38764	201.221	1209.78	492	492	366.497	599.78	599.721	898.24	515.026	576.3	779.909	17	50	145	13	48	52	143	147	10	16	210	4	0.91447	0.527249	1	1	-1
7473.66	55529.4	3608.36	6.91824	200.748	1208.94	492	492	508.74	599.763	600	899.518	573.664	629.45	908.361	14	26	186	13	24	28	184	188	10	16	217	4	1.01913	0.58759	1	1	-1
73661.3	62781.1	3505.76	6.32772	200.884	1118.28	492	492	408.489	599.602	599.399	898.831	461.319	381.116	805.758	20	247	211	13	245	249	209	213	10	16	212	4	0.996645	0.574627	1	1	-1
69205.6	66809.8	3511.61	7.40566	200.348	1358.9	479.113	479.113	489.202	599.822	599.212	898.797	505.575	509.824	811.608	13	232	224	13	230	234	222	226	10	16	211	4	1.04506	0.602542	1	1	-1
59879	70080.9	3436.49	7.79198	200.54	1162.37	492	492	393.596	598.975	599.543	900.805	479.001	480.917	1036.49	13	201	235	12	199	203	233	237	9	15	212	4	1.05279	0.607001	1	1	-1
35375.4	70770.8	3838.64	7.59831	200.553	1134.71	474.797	474.797	548.916	599.569	599.637	899.561	575.359	570.777	838.643	14	119	237	14	117	121	235	239	11	17	211	5	1.13439	0.654044	1	1	-1
54854.8	72088.1	3587.67	5.77854	200.577	1317.43	471.167	471.167	777.298	599.907	598.68	900.431	554.819	388.055	887.67	14	184	242	13	182	186	240	244	10	16	211	4	0.961731	0.554497	1	1	-1
30788.3	74105	3523.42	8.03275	200.652	1190.37	492	492	528.284	599.418	599.924	898.979	488.327	605.049	823.424	12	104	248	13	102	106	246	250	10	16	213	5	1.12298	0.647467	1	1	-1
44153.6	37724	3867.22	6.40112	200.49	1056.66	492	492	548.387	598.569	599.695	900.271	353.575	523.998	867.221	19	149	127	14	147	151	125	129	11	17	211	4	0.993642	0.572896	1	1	-1
28814.4	40586.5	3886.81	8.72513	200.695	1221.17	489.266	489.266	450.091	599.983	601.005	899.333	614.374	686.503	886.809	19	97	136	14	95	99	134	138	11	17	213	5	1.14966	0.662848	1	1	-1
13835.2	48546.7	4426.94	7.85144	202.324	1521.45	411.248	411.248	775.586	600.486	599.841	899.473	635.174	546.729	826.936	17	47	163	16	45	49	161	165	13	19	215	6	1.27944	0.737679	1	1	-1
11640.2	51856.4	3825.46	7.83231	201.098	1219.8	466.785	466.785	349.914	599.89	599.966	899.298	540.213	556.415	825.463	21	40	174	14	38	42	172	176	11	17	213	5	1.07462	0.619586	1	1	-1
33314.1	52572.3	4066.99	9.21844	201.439	1160.11	337.268	337.268	419.152	600.051	600.338	899.036	614.119	672.349	766.992	15	112	176	15	110	114	174	178	12	18	213	5	1.04989	0.605326	1	1	-1
64586.8	62180.3	4001.89	7.0743	200.975	1255.53	492	492	428.685	600.499	600.397	901.403	686.795	680.287	1001.89	12	216	208	14	214	218	206	210	11	17	212	4	1.0449	0.602451	1	1	-1
23679.9	67277.3	3976.84	7.17965	201.372	1103.59	492	492	501.18	599.764	600.312	900.733	579.851	677.336	976.842	11	80	225	14	78	82	223	227	11	17	211	5	1.07676	0.620818	1	1	-1
28564.6	69820.2	4036.83	11.1178	201.494	1281.17	278.698	278.698	387.129	600.237	599.628	900.034	664.578	520.183	1036.83	17	96	234	14	94	98	232	236	11	17	215	4	1.00909	0.581802	1	1	-1
48609.2	70656.1	3993.97	6.75181	200.852	1073.72	492	492	436.1	599.721	600.685	900.787	609.191	756.143	993.975	13	163	236	14	161	165	234	238	11	17	211	4	1.05721	0.609549	1	1	-1
34214.5	10411.3	4249.2	7.34652	200.158	1198.96	492	492	540.657	599.949	599.475	900.491	614.498	511.346	949.2	18	115	36	15	113	117	34	38	12	18	212	4	0.987674	0.569455	1	1	-1
50867.4	15541.5	4315.89	6.78465	201.705	1216.03	370.441	370.441	489.342	599.13	600.11	900.701	467.354	541.478	1015.89	12	171	53	15	169	173	51	55	12	18	212	4	0.952639	0.549255	1	1	-1
19736.2	24514.3	4121.34	6.74539	201.096	1069.68	465.213	465.213	517.441	599.51	599.882	899.333	536.18	514.31	821.344	14	67	83	15	65	69	81	85	12	18	212	4	1.03939	0.599272	1	1	-1
65324.4	28728.8	3986.37	7.17638	200.783	1257.31	460.968	460.968	395.141	599.509	599.526	901.093	524.402	528.766	986.367	12	219	97	14	217	221	95	99	11	17	213	4	0.944677	0.544664	1	1	-1
69867.7	32942.1	4269.14	7.43275	200.367	1088.75	492	492	560.163	599.67	599.831	900.245	567.679	542.115	969.141	12	234	111	15	232	236	109	113	12	18	211	4	1.04471	0.602343	1	1	-1
22690.5	36225.7	4261.26	7.76309	200.572	1286.84	491.988	491.988	541.503	599.451	599.916	901.233	490.507	525.725	961.264	19	77	122	15	75	79	120	124	12	18	213	5	1.07006	0.616955	1	1	-1
15484.6	40500.7	4253.02	7.13265	200.706	1187.2	492	492	519.879	599.197	600.127	900.465	484.561	600.737	953.022	15	53	136	15	51	55	134	138	12	18	214	4	1.06926	0.616495	1	1	-1
66999.8	44236.4	4211.76	6.10758	201.838	1267.56	492	492	402.607	600.582	599.342	900.405	699.835	436.362	911.756	17	224	149	15	222	226	147	151	12	18	211	4	1.05426	0.607845	1	1	-1
61754.9	45284.4	4069.51	4.96527	201.186	925.519	492	492	637.573	599.569	599.848	899.24	554.861	584.438	769.508	14	207	152	15	205	209	150	154	12	18	209	4	0.819427	0.472451	1	1	-1
2249.38	48369.9	4023.3	6.92137	200.557	1138.56	492	492	564.07	599.078	600.77	898.224	449.38	669.865	723.296	14	9	162	15	7	11	160	164	12	18	213	4	1.05286	0.607037	1	1	-1
71002	54685	4229.29	6.23473	201.355	1267.53	492	492	460.281	599.282	600.751	900.312	502.045	684.976	929.287	14	238	183	15	236	240	181	185	12	18	211	4	1.10047	0.634489	1	1	-1
34927.2	66926.7	4355.34	8.44653	199.924	1101	454.838	454.838	657.883	600.829	600.034	901.142	727.221	626.704	1055.34	14	117	224	15	115	119	222	226	12	18	210	4	1.05304	0.607145	1	1	-1
19252.1	69248.1	4243.3	9.87715	200.795	1140.52	414.692	414.692	457.34	599.797	599.595	900.49	652.097	548.07	943.296	13	65	232	15	63	67	230	234	12	18	214	5	1.20323	0.693734	1	1	-1
24485.5	71806.2	4315.79	6.94091	200.787	927.376	492	492	497.234	599.417	599.002	901.784	485.484	406.175	1015.79	14	83	241	15	81	85	239	243	12	18	210	4	0.976472	0.562997	1	1	-1
41883.2	73716	4036.5	6.04138	201.004	1113.29	491.803	491.803	486.517	599.416	599.256	901.04	483.166	516.013	1036.5	17	141	247	14	139	143	245	249	11	17	211	4	0.934013	0.538516	1	1	-1
64629.5	18995.2	4643.22	13.1609	202.844	1619.62	134.578	134.578	508.558	599.477	599.73	898.676	729.548	395.194	743.221	22	216	65	17	214	218	63	67	14	20	215	5	1.08499	0.625565	1	1	-1
39259.8	19888.5	4648.88	8.23488	201.11	1430.82	435.799	435.799	445.397	599.899	600.372	901.419	559.787	688.53	1048.88	17	132	67	16	130	134	65	69	13	19	216	5	1.14948	0.662749	1	1	-1
67929.3	22243.8	4596.05	9.15388	200.711	1231.18	459.226	459.226	405.741	598.884	600.541	901.049	429.3	643.842	996.047	13	228	75	16	226	230	73	77	13	19	212	5	1.21499	0.700514	1	1	-1
43502.5	24626.3	4484.97	7.50506	200.34	1176.65	492	492	592.866	600.245	600.017	900.11	602.452	626.291	884.966	13	146	83	16	144	148	81	85	13	19	210	4	1.00857	0.581502	1	1	-1
67103.7	25756.2	4477.19	7.70106	200.347	1080.17	491.999	491.999	427.26	599.432	599.966	899.958	503.692	556.227	877.192	14	225	87	16	223	227	85	89	13	19	213	4	1.0209	0.588611	1	1	-1
24283.4	30201.1	4545.23	8.6546	199.352	971.531	492	492	735.178	599.882	599.01	900.465	583.401	501.097	945.233	12	82	102	16	80	84	100	104	13	19	210	4	1.04188	0.600709	1	1	-1
39081.7	41984.6	4400.85	7.28034	199.896	1117.25	492	492	696.256	600.719	599.746	899.094	681.686	584.614	800.853	13	131	141	16	129	133	139	143	13	19	210	4	1.02872	0.593119	1	1	-1
32490.9	42594.1	4517.06	7.5731	201.546	1003.5	351.945	351.945	343.955	600.66	600.025	899.306	690.902	594.143	917.064	27	109	143	16	107	111	141	145	13	19	211	4	0.945372	0.545065	1	1	-1
49962.8	45155.6	4401.53	7.59591	200.855	1065.64	428.169	428.169	407.889	599.314	599.627	899.128	462.824	455.563	801.533	14	168	152	16	166	170	150	154	13	19	217	4	0.937032	0.540257	1	1	-1
14438.2	58101.7	4463.91	7.53182	200.675	1203.73	492	492	482.097	599.907	599.425	899.687	638.15	501.674	863.913	14	49	195	16	47	51	193	197	13	19	212	5	1.08469	0.625391	1	1	-1
71339.4	66234.1	5993.13	9.1625	200.817	1827.03	492	492	1281.73	599.314	599.005	901.28	539.374	534.116	1193.13	13	239	222	20	237	241	220	224	17	23	216	6	1.34548	0.775752	1	1	-1
1741.98	73003	4241.67	5.62016	201.008	1014.14	492	492	357.619	599.881	600.339	900.805	541.983	702.973	941.67	17	7	244	15	5	9	242	246	12	18	209	4	0.873812	0.503806	1	1	-1
57583.8	10438.1	4704.46	7.28868	200.818	1078.74	492	492	392.743	600.262	599.78	898.714	583.815	538.119	804.456	13	193	36	17	191	195	34	38	14	20	211	4	1.06791	0.615715	1	1	-1
49745.9	18543.4	4535.69	5.74648	200.554	1129.02	492	492	725.683	599.535	599.662	898.198	545.86	543.355	635.692	16	167	63	17	165	169	61	65	14	20	211	4	0.917375	0.528923	1	1	-1
74618.6	24706.5	4893.33	7.7112	200.56	1043.63	492	492	545.095	599.595	600.743	900.845	518.597	706.465	993.333	12	250	83	17	248	252	81	85	14	20	211	5	1.1498	0.66293	1	1	-1
23272.1	27408.2	4770.05	6.42795	201.205	1111.24	465.28	465.28	410.209	599.323	600.634	899.662	472.109	708.242	870.052	13	79	92	17	77	81	90	94	14	20	213	4	0.952156	0.548977	1	1	-1
4446.49	30695.5	4475.37	7.60367	199.478	1182.89	492	492	656.008	600.017	598.633	896.792	546.491	395.531	575.369	14	16	104	17	14	18	102	106	14	20	210	3	1.07508	0.61985	1	1	-1
28665	32931.7	5028.2	9.09105	199.438	1061.54	492	492	635.71	598.621	599.289	899.45	465.02	531.671	828.201	15	97	111	18	95	99	109	113	15	21	215	5	1.17128	0.675313	1	1	-1
23071.1	45991.4	4543.04	5.57513	201.202	1040.84	491.999	491.999	532.878	599.738	598.758	900.482	571.13	391.39	943.037	39	78	155	16	76	80	153	157	13	19	211	4	0.898749	0.518185	1	1	-1
47572.5	60396	4833.59	8.21292	200.546	1248.47	491.999	491.999	523.936	598.894	600.456	900.296	472.469	696	933.595	15	160	202	17	158	162	200	204	14	20	215	5	1.13967	0.657091	1	1	-1
29060	73416.2	4470.36	6.91422	200.575	1075.4	492	492	499.903	599.712	599.585	899.01	560.03	516.183	870.356	16	98	246	16	96	100	244	248	13	19	214	4	0.938923	0.541347	1	1	-1
9676.33	74450.5	4775.59	6.79916	200.569	1308.66	491.999	491.999	565.856	600.617	600.397	899.772	676.326	650.517	875.588	13	33	249	17	31	35	247	251	14	20	215	4	1.01606	0.585822	1	1	-1
11856	2429.5	5177.2	6.34249	200.967	1220.14	491.999	491.999	506.211	600.997	600.287	901.107	755.983	629.498	977.204	15	40	9	18	38	42	7	11	15	21	210	5	1.03073	0.594278	1	1	-1
19170.3	6160.68	5153.7	6.65546	200.936	1179.78	492	492	464.333	599.729	599.425	900.397	570.27	460.677	953.7	14	65	22	18	63	67	20	24	15	21	212	4	1.02112	0.588741	1	1	-1
74706.7	11462.9	5152.13	6.89374	200.486	1335.7	492	492	542.57	599.814	600.271	900.457	606.722	662.85	952.134	16	250	39	18	248	252	37	41	15	21	213	4	0.920769	0.53088	1	1	-1
50392.6	31705.7	5049.5	12.6079	202.476	1269.03	234.242	234.242	305.618	600.127	599.713	899.08	592.623	505.738	849.498	18	169	107	18	167	171	105	109	15	21	213	5	0.993179	0.572629	1	1	-1
39713.3	34782.4	5211.98	7.77518	200.916	1217.45	492	492	491.181	600.751	599.764	901.35	713.29	582.406	1011.98	13	133	117	18	131	135	115	119	15	21	214	5	1.161	0.669387	1	1	-1
40849.9	39465.7	5593.89	12.0524	202.151	1403.45	489.394	489.394	432.748	600.025	601.312	898.555	649.915	765.651	793.891	13	137	132	20	135	139	130	134	17	23	224	8	1.73442	1	1	1	-1
59571	49941.1	4956.43	7.67891	201.145	1182.6	492	492	420.579	601.25	599.341	898.286	770.982	441.067	756.435	14	199	168	18	197	201	166	170	15	21	215	4	1.05301	0.607127	1	1	-1
36131.6	51510	5030.18	6.94404	201.435	1079.04	363.643	363.643	455.663	599.247	599.569	899.044	431.599	509.984	830.183	13	122	173	18	120	124	171	175	15	21	210	4	0.988871	0.570145	1	1	-1
25134.1	55747.3	5072.75	8.01769	201.307	1220.68	492	492	411.189	599.916	599.671	899.696	534.121	547.293	872.75	15	85	187	18	83	87	185	189	15	21	213	5	1.1289	0.650881	1	1	-1
73015.5	56518.2	5072.82	6.35195	200.666	1003.17	492	492	626.015	600.668	598.766	900.194	715.542	418.248	872.82	14	244	190	18	242	246	188	192	15	21	212	4	1.0071	0.580656	1	1	-1
38193.1	61295.1	5552.41	8.62904	201.559	1559.31	492	492	654.428	600.939	600.997	898.709	693.054	695.086	752.406	15	128	205	20	126	130	203	207	17	23	215	6	1.35492	0.781193	1	1	-1
58550.2	63841.7	5113.6	6.62937	200.88	1241.15	492	492	489.753	600.431	599.755	899.501	650.216	541.652	913.6	18	196	214	18	194	198	212	216	15	21	212	4	1.04396	0.601907	1	1	-1
24886.7	66585.1	5084.4	6.68354	200.937	1108.51	492	492	506.849	599.459	600.068	899.679	586.672	585.098	884.395	13	84	223	18	82	86	221	225	15	21	212	4	0.921625	0.531374	1	1	-1
10547.5	66173.8	6090.36	9.56564	203.543	1672.61	472.592	472.592	413.555	600.716	599.875	900	647.517	473.769	990.362	18	36	222	21	34	38	220	224	18	24	216	7	1.4998	0.864726	1	1	-1
56724.5	70598.3	4957.96	8.88197	201.056	1036.85	485.742	485.742	345.049	600.313	600.701	899.113	624.464	698.254	757.961	15	190	236	18	188	192	234	238	15	21	212	5	1.11541	0.643102	1	1	-1
68409	73501.9	4965.23	6.90195	200.494	1247.41	492	492	443.768	600.339	599.67	898.509	608.994	601.917	765.234	13	229	246	18	227	231	244	248	15	21	211	4	0.992815	0.572419	1	1	-1
2708.99	6717.88	5191.24	7.13823	201.091	941.967	458.266	458.266	377.376	600.144	601.015	901.1	608.986	717.879	991.241	13	10	23	18	8	12	21	25	15	21	210	4	0.996941	0.574798	1	1	-1
69943.5	11083	5484.02	8.20124	200.503	1330.16	492	492	457.559	600.372	600.101	900.702	643.525	582.997	984.017	13	234	38	19	232	236	36	40	16	22	212	5	1.1334	0.653476	1	1	-1
34815.6	13359.2	5475.61	8.02752	201.248	1151.84	389.428	389.428	490.892	600.152	600.777	900.414	615.561	759.221	975.61	14	117	45	19	115	119	43	47	16	22	212	5	1.09688	0.632421	1	1	-1
15679.3	24550.6	5250.5	8.17044	199.64	1230.74	492	492	711.926	600.609	599.518	897.961	679.327	550.591	750.501	21	53	83	19	51	55	81	85	16	22	212	5	1.07037	0.617132	1	1	-1
13444.6	37046.2	5490.52	7.22309	200.524	1077.94	491.999	491.999	476.964	599.738	600.999	900.643	544.599	746.168	990.522	15	46	124	19	44	48	122	126	16	22	211	4	1.00629	0.580186	1	1	-1
57024.8	44440.8	5833.17	10.5004	201.427	1493.17	492	492	568.452	600.234	599.908	901.825	624.764	640.762	1033.17	14	191	149	20	189	193	147	151	17	23	214	7	1.54573	0.891211	1	1	-1
35496.5	45679.2	4909.47	6.13024	200.208	1323.28	492	492	747.972	600.711	600.415	898.595	696.463	679.238	709.471	20	119	153	18	117	121	151	155	15	21	211	4	0.884532	0.509988	1	1	-1
28714.9	66971.4	5469.27	7.9217	200.237	1226.87	492	492	553.887	599.518	600.423	900.186	514.945	671.399	969.27	15	97	224	19	95	99	222	226	16	22	212	5	1.12494	0.648596	1	1	-1
38536.4	71149.8	5336.53	6.82513	200.006	1155.98	492	492	512.27	601.018	600.416	902.258	736.361	649.788	1136.53	16	129	238	18	127	131	236	240	15	21	212	4	1.01522	0.585338	1	1	-1
13488.2	73603.8	5540.06	9.33977	199.882	1025.24	444.873	444.873	562.601	599.89	600.593	900.982	588.205	703.764	1040.06	13	46	246	19	44	48	244	248	16	22	213	5	1.12438	0.648276	1	1	-1
40323.4	11531.7	5848.01	7.14423	200.781	1209.37	492	492	547.654	600.836	598.767	898.446	723.36	431.697	748.014	12	135	40	21	133	137	38	42	18	24	213	4	1.08421	0.625111	1	1	-1
54433.2	12467.3	5292.38	6.25711	200.556	1086.49	492	492	512.044	599.153	599.136	899.246	433.189	467.338	792.385	25	183	43	19	181	185	41	45	16	22	210	4	0.910728	0.525091	1	1	-1
14031.4	16286.5	5638.89	6.72007	201.998	1102.58	492	492	188.962	599.78	599.121	899.856	531.389	386.533	838.892	16	48	56	20	46	50	54	58	17	23	211	4	0.892847	0.514782	1	1	-1
46538.4	17379.6	5950.48	7.15006	201.458	1470.36	492	492	490.413	600.227	599.781	899.351	638.402	579.573	850.484	19	156	59	21	154	158	57	61	18	24	212	5	1.21814	0.702335	1	1	-1
19966.5	21355.7	5493.16	20.981	202.234	1075.47	269.871	269.871	139.529	599.679	600.574	899.603	466.483	655.726	693.161	15	68	72	20	66	70	70	74	17	23	218	5	1.12371	0.647889	1	1	-1
57048.6	23727.2	5557.61	6.68236	200.166	1098.51	491.999	491.999	567.294	600.008	600.229	898.687	648.616	627.16	757.607	14	191	80	20	189	193	78	82	17	23	209	4	0.948181	0.546685	1	1	-1
47380.2	26416.4	6491.09	6.80746	202.558	1616.92	492	492	385.712	600.067	600.319	901.318	580.199	616.439	1091.09	16	159	89	22	157	161	87	91	19	25	213	5	1.2859	0.741399	1	1	-1
10914.6	46880.7	5788.36	7.86183	200.505	1542.62	492	492	486.849	600.533	600.947	900.939	714.649	680.725	988.358	18	37	157	20	35	39	155	159	17	23	216	4	1.10306	0.635984	1	1	-1
54534.5	52580.2	6758.34	6.59597	202.128	1497.74	465.011	465.011	381.222	599.292	600.219	902.175	534.53	980.192	1358.34	19	183	175	22	181	185	173	177	19	25	214	4	1.20208	0.693072	1	1	-1
30291	69774.7	5526.38	7.33885	200.962	1262.99	492	492	383.425	600.034	599.501	897.589	591	474.66	726.377	23	102	234	20	100	104	232	236	17	23	212	4	1.12881	0.650831	1	1	-1
3749.33	15098	5970.59	8.13321	200.069	1453.85	492	492	583.807	598.562	600.981	899.915	449.328	698.023	870.59	25	14	51	21	12	16	49	53	18	24	213	5	1.16903	0.674019	1	1	-1
40509.8	19836.4	6018.13	7.65331	201.516	1135.35	474.701	474.701	279.928	600.203	600.178	899.721	609.8	636.412	918.134	13	136	67	21	134	138	65	69	18	24	212	5	0.972428	0.560665	1	1	-1
1756.54	21312.4	6074.41	6.96924	200.757	1454.05	491.999	491.999	572.161	600.034	599.814	900.363	556.541	612.357	974.413	14	7	72	21	5	9	70	74	18	24	212	4	0.962959	0.555206	1	1	-1
54589.4	22884.3	5898.27	6.40311	201.033	1108.79	472.715	472.715	505.267	599.823	600.423	899.062	589.371	684.311	798.27	17	183	77	21	181	185	75	79	18	24	211	4	0.964901	0.556325	1	1	-1
2981.48	23477.9	6477.36	10.8732	202.538	1389.08	443.99	443.99	381.296	600.109	600.41	901.298	581.483	677.883	1077.36	23	11	79	22	9	13	77	81	19	25	215	7	1.52673	0.880254	1	1	-1
48351.4	23771.2	5854.52	6.31744	201.351	1226.9	393.155	393.155	440.157	600.051	600.068	898.748	651.4	671.165	754.523	14	162	80	21	160	164	78	82	18	24	210	4	0.848722	0.489341	1	1	-1
31553.3	24337.8	6038.46	6.96364	200.697	1169.91	492	492	453.332	600.22	600.127	900.406	653.331	637.822	938.457	13	106	82	21	104	108	80	84	18	24	212	4	0.988871	0.570145	1	1	-1
53098.8	24652.8	6084.92	6.89582	200.968	1196.51	492	492	461.304	599.932	600.262	901.183	598.76	652.849	984.923	13	178	83	21	176	180	81	85	18	24	211	4	1.1127	0.641539	1	1	-1
11980.2	26165.7	5944.46	7.69125	200.644	1013.96	492	492	518.798	599.916	600.498	899.375	580.171	665.75	844.463	13	41	88	21	39	43	86	90	18	24	211	5	1.11394	0.642253	1	1	-1
59735.6	26155.4	6073.9	9.68699	201.103	1124.95	396.262	396.262	443.757	600.017	600.194	901.106	635.612	655.382	973.895	12	200	88	21	198	202	86	90	18	24	215	5	1.2543	0.723181	1	1	-1
38996.9	27314.2	5897.35	10.5454	202.102	1030.92	260.494	260.494	364.611	600.498	600.346	899.696	596.946	614.222	797.354	14	131	92	21	129	133	90	94	18	24	212	5	1.00491	0.579395	1	1	-1
54797.1	30796.1	6461.33	11.1032	201.698	1474.73	492	492	574.61	598.664	599.165	898.305	497.145	496.068	761.331	12	184	104	23	182	186	102	106	20	26	215	7	1.68051	0.968916	1	1	-1
33477.3	34539.1	5996.52	7.26508	200.918	936.131	481.711	481.711	473.859	599.316	600.262	899.958	477.314	639.105	896.524	16	113	116	21	111	115	114	118	18	24	214	5	1.07889	0.622048	1	1	-1
38953.3	45638.1	5659.84	5.89041	201.327	1309.32	492	492	357.211	599.611	599.924	899.729	553.338	638.085	859.842	15	131	153	20	129	133	151	155	17	23	211	4	0.905629	0.522151	1	1	-1
46689.8	46523.1	5910.54	6.79606	200.686	1234.19	492	492	493.297	601.083	600.254	900.025	789.848	623.115	810.543	13	156	156	21	154	158	154	158	18	24	212	4	1.02872	0.593119	1	1	-1
21106.8	49287	6015.24	6.27736	201.242	1265	492	492	412.345	600.389	600.262	900.152	706.775	686.952	915.236	14	71	165	21	69	73	163	167	18	24	216	4	1.034	0.596167	1	1	-1
58456.1	51920.8	5568.61	5.33465	201.627	1229.63	492	492	317.336	600.567	599.848	898.562	556.134	620.781	768.609	22	196	174	20	194	198	172	176	17	23	211	4	0.91447	0.527249	1	1	-1
42980.2	56664.7	6025.01	7.19125	200.327	1121.49	492	492	628.527	600.177	599.518	900.194	680.205	564.714	925.008	13	144	190	21	142	146	188	192	18	24	210	4	1.04945	0.605073	1	1	-1
62610.1	5726.13	6128.14	6.88782	200.914	1293.48	492	492	435.416	599.239	600.195	898.359	510.117	626.134	728.141	13	210	20	22	208	212	18	22	19	25	212	4	1.01279	0.583937	1	1	-1
67331.5	6899.78	6300.48	7.55037	201.133	1083.38	452.113	452.113	442.149	600.515	599.544	900.025	731.454	599.778	900.484	13	225	24	22	223	227	22	26	19	25	212	5	1.04204	0.6008	1	1	-1
65037.6	11757.9	7169.03	9.72483	201.687	1407.23	492	492	485.774	599.681	599.648	903.455	537.639	657.85	1169.03	15	218	40	24	216	220	38	42	21	27	213	6	1.58642	0.914667	1	1	-1
40779	16207.7	6130.97	7.22194	201.261	1217.17	492	492	306.37	600.245	599.89	898.799	579.039	607.671	730.966	16	137	55	22	135	139	53	57	19	25	211	4	1.07618	0.620484	1	1	-1
43715.8	36275.1	6846.51	7.97353	201.336	1661.06	492	492	570.447	598.941	599.773	899.016	515.813	575.092	846.509	14	147	122	24	145	149	120	124	21	27	215	5	1.31925	0.760631	1	1	-1
3633.25	39666.9	6307.84	7.45224	200.532	991.968	492	492	574.208	600.574	600.515	900.329	633.25	666.937	907.842	10	13	133	22	11	15	131	135	19	25	210	5	1.08817	0.627395	1	1	-1
48553.5	55420.2	6084.04	5.95168	201.143	1317.61	492	492	507.417	599.535	599.966	898.268	553.516	520.2	684.042	19	163	186	22	161	165	184	188	19	25	213	4	0.952052	0.548917	1	1	-1
36588.4	73344.8	6425.12	7.99034	199.655	891.432	492	492	644.083	599.61	601.203	901.397	588.372	744.785	1025.12	15	123	245	22	121	125	243	247	19	25	210	4	1.06904	0.616371	1	1	-1
29740.3	5086.19	6187.06	4.82655	201.148	1160.08	492	492	560.589	600.313	600.085	899.239	640.273	586.191	787.063	16	100	18	22	98	102	16	20	19	25	209	4	0.850963	0.490633	1	1	-1
55041.5	9802.68	6417.9	7.3354	200.877	1120.49	492	492	297.805	600.119	598.855	901.458	741.536	502.677	1017.9	17	184	34	22	182	186	32	36	19	25	212	4	1.01548	0.585487	1	1	-1
56116.4	13333	6628.56	7.89029	200.341	1181.86	492	492	480.355	600.034	600.77	899.729	616.45	732.97	928.562	15	188	45	23	186	190	43	47	20	26	212	4	1.10077	0.634661	1	1	-1
40298.2	30025.9	6785.13	7.41803	200.994	1060.07	492	492	475.647	600.177	600.008	901.933	698.16	625.95	1085.13	12	135	101	23	133	137	99	103	20	26	212	5	1.1911	0.686743	1	1	-1
39131.3	33690.3	6766.44	7.75796	200.76	1158.79	492	492	502.787	600.701	600.76	899.13	731.316	690.322	766.44	14	131	113	24	129	133	111	115	21	27	214	4	1.12371	0.647889	1	1	-1
52464.3	40649.2	6593.16	7.99089	199.734	1101.8	492	492	711.33	599.738	601.328	900	564.277	749.196	893.164	16	176	136	23	174	178	134	138	20	26	210	4	1.02283	0.589723	1	1	-1
54563.7	41659.1	6459.12	8.87395	201.521	1039.24	369.1	369.1	343.534	600.338	599.729	898.943	563.651	559.12	759.12	16	183	140	23	181	185	138	142	20	26	213	4	1.09554	0.631644	1	1	-1
45548.6	42549	6687.04	6.89187	200.62	1062.93	492	492	599.685	599.476	599.248	900.617	548.621	548.963	987.042	17	153	143	23	151	155	141	145	20	26	213	4	1.04644	0.603339	1	1	-1
58155.6	48689.2	6490.97	6.05347	200.742	1230.19	492	492	566.361	599.882	600.854	899.103	555.581	689.161	790.97	17	195	163	23	193	197	161	165	20	26	211	4	0.932606	0.537705	1	1	-1
57539.8	53893.9	6415.46	7.19082	200.575	963.548	492	492	461.469	599.755	599.763	901.515	539.817	493.937	1015.46	13	193	181	22	191	195	179	183	19	25	210	4	1.06433	0.613655	1	1	-1
69262.4	54231.5	6724.82	6.45058	200.86	1164.55	492	492	558.37	599.932	599.823	901.276	562.378	531.471	1024.82	18	232	182	23	230	234	180	184	20	26	213	4	1.0171	0.586418	1	1	-1
61438.6	58944.1	6659.38	6.89429	200.752	1038.12	492	492	534.241	599.4	598.741	900	538.553	444.137	959.378	15	206	198	23	204	208	196	200	20	26	209	4	1.03787	0.598397	1	1	-1
41906.3	69637.6	6843.51	5.73028	201.929	1827.66	492	492	532.229	601.145	600.126	899.327	806.338	637.621	843.515	25	140	233	24	138	142	231	235	21	27	214	5	1.22285	0.70505	1	1	-1
71591.8	11536.1	6791.58	8.21961	200.896	1144.17	487.827	487.827	425.4	599.747	600.955	898.91	491.837	736.086	791.576	14	240	39	24	238	242	37	41	21	27	212	5	1.11908	0.645221	1	1	-1
17980.2	16990	6911.64	6.58773	200.811	1274.35	492	492	488.077	599.442	599.205	899.865	580.238	490.039	911.638	13	61	58	24	59	63	56	60	21	27	213	4	1.07135	0.617698	1	1	-1
6408.99	25565.8	7064.88	7.90973	200.548	976.945	454.455	454.455	478.414	600.601	600.516	901.71	708.995	665.811	1064.88	50	22	86	24	20	24	84	88	21	27	214	5	1.06498	0.614028	1	1	-1
37349.4	29227.2	6673.4	6.03166	200.755	1043.63	492	492	479.06	599.06	600.678	901.042	449.439	727.198	973.397	15	126	98	23	124	128	96	100	20	26	209	4	0.929078	0.535671	1	1	-1
44302	31032.5	6752.07	8.04916	200.953	1025	492	492	401.211	599.721	600.465	897.896	501.96	732.488	752.068	14	149	104	24	147	151	102	106	21	27	212	4	1.20685	0.695823	1	1	-1
49086.7	41529.7	6686.24	6.28364	200.591	1183.25	492	492	513.938	599.56	598.789	901.076	486.673	429.678	986.238	15	165	140	23	163	167	138	142	20	26	215	4	0.996974	0.574817	1	1	-1
62924.6	51368.2	6832.8	8.12746	200.395	1176.58	492	492	478.385	599.247	600.668	899.078	524.602	668.237	832.797	13	211	172	24	209	213	170	174	21	27	213	5	1.13823	0.65626	1	1	-1
46928.7	54356.9	6929.46	7.2883	200.09	917.348	492	492	677.988	601.006	600.347	900.677	728.732	656.897	929.46	16	157	182	24	155	159	180	184	21	27	210	4	0.996776	0.574703	1	1	-1
16885.3	57599.3	6973.54	5.87606	201.147	1447.92	492	492	490.521	600.38	599.434	900.913	685.289	599.334	973.537	16	57	193	24	55	59	191	195	21	27	212	4	0.972968	0.560976	1	1	-1
19869.6	59154	6772.15	6.84439	201.028	1018.55	492	492	358.657	600.609	600.474	902.709	669.642	653.984	1072.15	24	67	198	23	65	69	196	200	20	26	211	4	1.10604	0.637699	1	1	-1
74006.5	61810.4	6859.69	8.20678	200.477	1237.33	492	492	448.097	599.349	600.093	899.281	506.451	610.438	859.692	11	248	207	24	246	250	205	209	21	27	211	5	1.0928	0.630069	1	1	-1
26753.3	63232.6	6993.01	8.39238	200.2	1277.92	473.963	473.963	558.617	600.118	599.662	900.752	653.269	532.648	993.012	14	90	212	24	88	92	210	214	21	27	214	5	1.09643	0.632162	1	1	-1
6297.26	71234.5	7011.82	7.48021	200.98	1198.94	492	492	488.708	599.797	598.852	901.46	597.263	434.459	1011.82	14	22	239	24	20	24	237	241	21	27	212	5	1.20227	0.693183	1	1	-1
18509.4	72081	7135.41	7.81058	200.225	1237.42	492	492	518.55	599.188	600.829	899.755	509.388	680.98	835.412	15	63	241	25	61	65	239	243	22	28	213	4	1.116	0.643442	1	1	-1
45275.5	7957.75	7282.37	10.3146	201.812	1247.4	268.184	268.184	430.182	599.78	599.375	900.904	575.484	457.748	982.367	11	152	28	25	150	154	26	30	22	28	212	5	1.06649	0.614899	1	1	-1
57995.3	15031.1	7239.02	7.72901	200.588	1281.42	492	492	576.844	600.785	600.43	900.312	695.328	631.077	939.018	14	194	51	25	192	196	49	53	22	28	214	5	1.13967	0.657091	1	1	-1
70235.7	38259.7	7203.18	5.53948	201.154	1278.23	492	492	464.777	599.865	599.264	900.195	635.663	459.734	903.175	15	235	129	25	233	237	127	131	22	28	213	4	0.939657	0.541771	1	1	-1
24139.2	40629.9	7120.48	6.33213	201.05	1104.98	492	492	422.459	600.575	598.875	899.678	739.201	429.923	820.482	14	81	137	25	79	83	135	139	22	28	213	4	0.97832	0.564062	1	1	-1
54813.8	43874.2	7224.13	8.69498	201.582	1186.05	411.595	411.595	309.635	599.916	600.642	899.932	513.751	674.175	924.127	10	184	147	25	182	186	145	149	22	28	212	5	1.03607	0.597356	1	1	-1
8592.23	50148.6	7234.72	6.57179	200.992	1125.56	492	492	459.534	599.451	600.457	900.566	492.235	648.623	934.724	13	30	168	25	28	32	166	170	22	28	213	4	1.07648	0.62066	1	1	-1
54746.9	59300.8	7058.75	8.2617	200.186	1066.07	492	492	535.273	601.1	599.323	898.308	746.912	500.833	758.751	12	183	199	25	181	185	197	201	22	28	212	5	1.16202	0.669974	1	1	-1
66239.3	64041.9	7316.36	7.3842	200.34	1073.36	492	492	580.092	599.307	601.006	901.252	539.265	741.882	1016.36	14	222	214	25	220	224	212	216	22	28	214	4	1.0652	0.614153	1	1	-1
50023.7	72462.6	6948.7	5.47407	201.014	1049.16	480.92	480.92	438.42	599.687	599.627	900.008	523.727	462.581	948.696	15	168	243	24	166	170	241	245	21	27	209	4	0.82482	0.47556	1	1	-1
31474.4	4032.7	7389.41	7.24095	200.725	1090.47	492	492	501.136	599.73	600.871	899.045	574.421	732.696	789.413	13	106	14	26	104	108	12	16	23	29	211	4	1.04989	0.605326	1	1	-1
43153.7	26221.7	7258.65	7.67114	199.922	959.676	492	492	567.604	599.542	598.864	897.653	553.651	421.683	658.65	14	145	89	26	143	147	87	91	23	29	211	4	1.0973	0.632663	1	1	-1
44916.9	28337.8	7152.26	6.4542	201.369	1022.44	492	492	306.873	599.56	599.873	899.839	516.899	437.841	852.26	25	151	96	25	149	153	94	98	22	28	211	4	0.937278	0.540399	1	1	-1
52595.5	34242.9	7487.08	8.26289	199.796	1407.32	492	492	655.73	600.786	600.11	899.983	695.45	642.9	887.076	14	176	115	26	174	178	113	117	23	29	212	5	1.09461	0.631108	1	1	-1
7841.7	37006.9	7411.1	8.17645	200.806	1282.25	492	492	388.885	600.017	600.693	899.501	641.697	706.899	811.098	12	27	124	26	25	29	122	126	23	29	214	5	1.109	0.639408	1	1	-1
9915.35	44209.8	7317.5	7.4378	201.089	900.177	464.742	464.742	395.517	599.772	600.355	901.454	615.354	709.781	1017.5	16	34	148	25	32	36	146	150	22	28	214	5	1.13684	0.655461	1	1	-1
74034.7	46920.8	7096.92	4.76131	201.148	956.363	492	492	517.151	599.526	600.601	899.399	534.68	720.761	796.924	14	248	157	25	246	250	155	159	22	28	210	4	0.86721	0.5	1	1	-1
4099.81	51388.4	7343.8	6.41419	201.478	835.96	492	492	365.81	599.4	600.363	898.682	499.809	688.418	743.796	14	15	172	26	13	17	170	174	23	29	211	4	1.08421	0.625111	1	1	-1
66499.8	71189.2	7545.7	9.51188	201.682	1147.07	341.631	341.631	264.473	600	600.415	900.296	499.797	689.17	945.703	30	223	238	26	221	225	236	240	23	29	215	4	0.982541	0.566495	1	1	-1
57709.9	71660	7355.04	6.93838	201.573	1156.88	492	492	341.779	600.583	600.211	899.071	709.923	560.014	755.041	17	193	240	26	191	195	238	242	23	29	211	4	1.09238	0.629826	1	1	-1
SPOTS_END
