FISH-QUANT	v3a
File-version	3D_v1
RESULTS OF SPOT DETECTION PERFORMED ON 25-Sep-2021 
COMMENT	
IMG_Raw	Poiss_30spots_bg_200_2_I_300_0_img0.tif
IMG_Filtered	
IMG_DAPI	
IMG_TS_label	
FILE_settings	Poiss_30spots_bg_200_2_I_300_0_img0__settings_MATURE.txt
PARAMETERS
Pix-XY	Pix-Z	RI	Ex	Em	NA	Type
300	300	1.33	547	583	1.4	widefield
CELL_START	EntireImage
X_POS	1	1	256	256	
Y_POS	1	256	256	1	
Z_POS	
CELL_END
SPOTS_START
Pos_Y	Pos_X	Pos_Z	AMP	BGD	RES	SigmaX	SigmaY	SigmaZ	Cent_Y	Cent_X	Cent_Z	MuY	MuX	MuZ	ITERY_det	Y_det	X_det	Z_det	Y_min	Y_max	X_min	X_max	Z_min	Z_max	INT_raw	INT_filt	SC_det	SC_det_norm	TH_det	TH_fit	IN_nuc
8218.97	36539.7	1816.57	7.65704	201.496	1186.01	462.095	462.095	322.156	600.684	599.29	899.316	718.966	539.706	916.572	15	28	123	7	26	30	121	125	4	10	217	5	1.08847	0.908113	1	1	-1
71330.9	51221.5	1663.59	8.56316	200.951	1224.38	433.811	433.811	469.984	599.671	599.299	900.912	530.896	521.456	1063.59	9	239	172	6	237	241	170	174	3	9	211	5	1.14005	0.951145	1	1	-1
37099.8	21236.9	2320.97	5.40634	200.731	1237.52	492	492	600.604	599.408	599.856	899.882	499.794	536.899	820.965	39	125	72	9	123	127	70	74	6	12	210	4	0.897982	0.74919	1	1	-1
66098.3	43735	2322.48	6.52649	201.952	1361.04	492	492	162.317	600.643	600.872	899.069	698.334	834.97	822.483	15	221	146	9	219	223	144	148	6	12	212	3	0.84391	0.704078	1	1	-1
54655.7	33015.2	2882.28	6.225	200.824	1062.53	492	492	460.223	600.245	599.771	898.976	655.703	615.169	782.283	15	183	111	11	181	185	109	113	8	14	211	4	0.956629	0.79812	1	1	-1
25868.8	44103.1	2837.05	6.25617	200.895	1151.93	492	492	462.003	599.966	599.983	901.185	668.84	603.102	1037.05	14	87	148	10	85	89	146	150	7	13	214	4	0.907115	0.75681	1	1	-1
14853.4	23040.2	3079.36	9.34186	201.216	1056.7	418.412	418.412	339.825	600.6	599.586	901.733	753.376	540.187	979.358	11	50	78	11	48	52	76	80	8	14	214	5	1.12686	0.940146	1	1	-1
39710.8	45276.8	3266.98	7.17423	200.918	1321.18	492	492	456.387	600.541	600.169	899.442	710.837	576.819	866.979	19	133	152	12	131	135	150	154	9	15	212	5	1.06452	0.888133	1	1	-1
53367.5	48964.7	3225.71	7.87943	200.876	1390.58	492	492	436.11	600.862	600.558	899.29	867.503	664.733	825.705	13	178	164	12	176	180	162	166	9	15	211	4	1.04182	0.869194	1	1	-1
31167.6	50412.7	3435.28	6.75219	200.606	1270.34	492	492	562.285	599.67	600.034	898.208	567.641	612.714	735.284	15	105	169	13	103	107	167	171	10	16	212	4	0.985344	0.822077	1	1	-1
65535.6	32930	3579.65	9.17701	201.894	1124.19	430.853	430.853	195.749	599.493	600.372	899.518	435.615	830.041	879.647	20	220	110	13	218	222	108	112	10	16	212	4	0.990928	0.826735	1	1	-1
36790.7	57934.6	3655.11	7.69227	201.133	1191.36	398.325	398.325	514.829	599.299	599.848	900.659	490.664	634.604	955.107	14	124	194	13	122	126	192	196	10	16	214	5	1.06174	0.885814	1	1	-1
71183.2	22818.5	3931.23	7.95891	200.176	1227.76	492	492	591.041	600.837	600.161	900.465	683.169	618.519	931.226	20	238	77	14	236	240	75	79	11	17	211	5	1.09476	0.913359	1	1	-1
49933.9	46944.4	3905.34	7.74639	200.915	905.222	446.228	446.228	519.199	598.986	599.214	899.949	433.876	444.386	905.336	12	168	158	14	166	170	156	160	11	17	213	5	1.12482	0.938443	1	1	-1
59424.5	7342.99	4272.94	7.71696	200.846	1067.79	475.248	475.248	458.982	600.076	599.493	900.49	624.52	442.993	972.938	16	199	26	15	197	201	24	28	12	18	211	5	1.08542	0.905567	1	1	-1
25918.5	30961.5	4537.59	6.93896	201.497	1191.75	397.371	397.371	423.871	600.862	600.093	900.752	718.466	661.524	937.591	28	87	104	16	85	89	102	106	13	19	213	5	1.01974	0.850773	1	1	-1
74471.2	40316.7	4386.63	7.6124	200.388	1052.87	492	492	601.231	600.541	600.794	899.062	671.197	716.655	786.63	17	249	135	16	247	251	133	137	13	19	213	5	1.0449	0.871767	1	1	-1
41346.2	18191.2	4630.89	9.15136	201.33	1007.56	374.716	374.716	377.612	599.653	599.772	898.808	546.185	491.225	730.893	16	139	62	17	137	141	60	64	14	20	212	5	1.17438	0.979794	1	1	-1
17652.4	2045.48	5018.96	5.43906	200.901	1163.62	492	492	555.206	599.763	599.729	899.112	552.4	545.476	818.959	13	60	8	18	58	62	6	10	15	21	210	4	0.837464	0.6987	1	1	-1
5695.44	61992.8	5058.09	6.61033	200.321	1011.98	492	492	469.831	600.051	599.695	899.576	595.439	492.786	858.087	12	20	208	18	18	22	206	210	15	21	210	4	0.938573	0.783056	1	1	-1
12150.8	32288.5	5996.3	7.38351	200.41	1227.87	469.694	469.694	602.508	599.4	599.391	899.662	450.843	488.505	896.301	20	42	109	21	40	44	107	111	18	24	212	4	1.03034	0.859621	1	1	-1
7999.58	38459.5	5911.47	6.88433	200.861	1348.62	492	492	429.128	600.779	599.958	898.781	799.58	659.514	811.466	15	27	129	21	25	29	127	131	18	24	212	4	1.06359	0.887361	1	1	-1
22626.5	12781.4	6685.87	8.27622	200.872	1254.96	409.792	409.792	541.693	600.735	598.986	900.482	726.488	481.397	985.87	16	76	44	23	74	78	42	46	20	26	212	5	1.10826	0.924627	1	1	-1
33578.8	39458.8	6562.59	9.80075	201.422	1334.73	374.246	374.246	356.513	599.916	599.282	899.434	578.759	458.787	862.588	20	113	133	23	111	115	131	135	20	26	214	5	1.11084	0.926775	1	1	-1
19279.9	45392.5	6463.67	8.05706	200.453	1390.69	491.992	491.992	447.059	600.685	600.618	898.257	679.86	692.46	763.672	16	65	152	23	63	67	150	154	20	26	214	5	1.19729	0.998902	1	1	-1
65872.4	60218.4	6459.02	6.18869	201.776	1326.24	492	492	317.162	599.485	599.949	900.642	472.375	518.415	759.016	13	221	202	23	219	223	200	204	20	26	212	4	1.0292	0.858663	1	1	-1
63841.8	64619.3	6712.38	7.685	200.932	1023.5	492	492	347.87	600.372	600.423	898.426	541.792	719.292	712.382	16	214	216	24	212	216	214	218	21	27	213	4	1.07542	0.897224	1	1	-1
12311.6	10094.5	7054.11	7.96078	201.147	1144.17	444.174	444.174	410.904	599.527	600.465	901.657	611.619	794.472	1054.11	17	42	34	24	40	44	32	36	21	27	211	5	1.1986	1	1	1	-1
9850.83	19325.4	7175.51	9.1424	200.963	993.043	491.997	491.997	327.835	599.341	600.431	899.349	550.834	725.404	875.509	16	34	65	25	32	36	63	67	22	28	213	5	1.18815	0.991275	1	1	-1
14636	52261	7473.55	7.50689	201.394	1196.95	430.674	430.674	406.799	599.442	601.175	899.011	535.999	961.004	873.552	18	50	174	26	48	52	172	176	23	29	215	4	1.03654	0.864791	1	1	-1
SPOTS_END
