FISH-QUANT	v3a
File-version	3D_v1
RESULTS OF SPOT DETECTION PERFORMED ON 24-Sep-2021 
COMMENT	
IMG_Raw	Poiss_30spots_bg_200_4_I_300_0_img2.tif
IMG_Filtered	
IMG_DAPI	
IMG_TS_label	
FILE_settings	Poiss_30spots_bg_200_4_I_300_0_img2__settings_MATURE.txt
PARAMETERS
Pix-XY	Pix-Z	RI	Ex	Em	NA	Type
160	300	1.33	547	583	1.4	widefield
CELL_START	EntireImage
X_POS	1	1	256	256	
Y_POS	1	256	256	1	
Z_POS	
CELL_END
SPOTS_START
Pos_Y	Pos_X	Pos_Z	AMP	BGD	RES	SigmaX	SigmaY	SigmaZ	Cent_Y	Cent_X	Cent_Z	MuY	MuX	MuZ	ITERY_det	Y_det	X_det	Z_det	Y_min	Y_max	X_min	X_max	Z_min	Z_max	INT_raw	INT_filt	SC_det	SC_det_norm	TH_det	TH_fit	IN_nuc
3693.59	17155.1	7214.78	27.3027	198.751	3191.96	181.646	181.646	596.22	320.336	320.604	900.353	333.587	355.116	914.782	7	24	108	25	22	26	106	110	22	28	226	9.82087	2.74086	0.875822	1	1	-1
3978.73	35596.6	5626.92	33.66	200.809	2925.89	142.341	142.341	495.518	319.392	321.645	899.271	298.727	396.636	826.924	9	26	223	20	24	28	221	225	17	23	235	11.5302	2.93249	0.937055	1	1	-1
5185.83	19193.1	4796.75	28.7254	199.97	3682.23	160.77	160.77	604.369	321.577	319.991	901.198	385.833	313.056	896.753	8	33	121	17	31	35	119	123	14	20	232	10.782	2.78641	0.890377	1	1	-1
5235.86	34909.1	1676.66	28.4096	200.162	3208.93	147.437	147.437	607.064	319.041	320.654	903.117	275.856	349.1	1076.66	9	34	219	6	32	36	217	221	3	9	233	11.9041	2.70371	0.863949	1	1	-1
5502.65	17470.5	6948.28	29.8374	200.747	3380.21	146.665	146.665	540.816	320.885	320.505	901.249	382.654	350.486	948.278	7	35	110	24	33	37	108	112	21	27	234	11.2074	2.6773	0.855511	1	1	-1
7763.5	3088.6	2431.52	32.4752	199.296	2923.81	152.613	152.613	595.798	318.172	321.089	899.832	243.503	368.599	931.522	8	50	20	9	48	52	18	22	6	12	227	10.8554	3.06316	0.978809	1	1	-1
10502.4	17560.1	2382.86	27.3184	200.376	3303.82	147.276	147.276	457.516	319.218	319.236	899.275	262.369	280.06	882.862	7	67	111	9	65	69	109	113	6	12	227	9.34348	2.30675	0.737104	1	1	-1
13505.4	20780.3	2972.18	26.5473	199.092	3164.46	164.53	164.53	592.444	321.406	320.094	898.711	385.354	300.314	872.182	8	85	131	11	83	87	129	133	8	14	223	9.59013	2.77196	0.885758	1	1	-1
14131.7	9645.28	3789.78	24.0768	198.488	3369.33	193.24	193.24	690.961	321.155	320.994	903.266	371.668	365.28	1089.78	8	89	61	13	87	91	59	63	10	16	224	8.83321	2.50522	0.800525	1	1	-1
16445.8	15982.1	5784.84	28.5006	199.112	3528.66	159.021	159.021	783.051	319.247	319.229	904.368	285.779	302.114	1284.84	9	104	101	19	102	106	99	103	16	22	230	10.9673	3.00083	0.958892	1	1	-1
16745	10774.7	1671.07	34.8637	200.547	3276.52	138.46	138.46	476.937	319.028	321.505	898.681	264.962	374.708	771.072	9	106	68	7	104	108	66	70	4	10	232	11.2227	2.88642	0.922333	1	1	-1
17562.2	6869.73	2962.87	30.1261	200.227	3205.38	156.173	156.173	536.281	319.571	319.906	899.782	282.205	309.729	862.867	6	111	44	11	109	113	42	46	8	14	231	11.195	2.73723	0.874662	1	1	-1
18221.6	12669.6	5949.4	29.4291	199.689	3484.1	169.277	169.277	588.027	319.683	320.183	900.084	301.635	349.621	849.397	7	115	80	21	113	117	78	82	18	24	229	11.0029	2.88923	0.923231	1	1	-1
18951.3	38110.1	2740.5	27.0055	200.96	3649.19	137.346	137.346	573.08	321.519	320	900.328	391.323	350.132	940.503	8	119	239	10	117	121	237	241	7	13	231	10.0637	2.49873	0.798449	1	1	-1
20491.3	25977.7	6328.42	25.6943	198.787	4032.97	178.819	178.819	607.624	319.861	320.879	900.967	331.306	377.695	928.418	8	129	163	22	127	131	161	165	19	25	231	9.69266	2.60897	0.833676	1	1	-1
22308	9839.91	4905.89	23.5114	200.338	3164.06	181.785	181.785	610.668	321.628	318.657	897.633	388.002	239.913	705.887	9	140	63	18	138	142	61	65	15	21	223	8.19695	2.43379	0.777698	1	1	-1
22681	23527	4306.48	28.1546	200.177	3802.44	151.084	151.084	518.399	320.031	320.408	900.757	280.951	327.043	1006.48	7	143	148	15	141	145	146	150	12	18	230	10.9069	2.70555	0.864537	1	1	-1
22797.1	39650.5	3418.8	25.4753	200.149	3873.48	156.965	156.965	600.679	318.499	319.35	901.941	237.145	290.51	1018.8	8	144	249	12	142	146	247	251	9	15	227	8.82255	2.51789	0.804572	1	1	-1
24158	20082.3	6594.88	23.5288	200.783	3145.33	161.927	161.927	509.715	319.736	318.719	900.21	318.006	242.277	894.877	7	152	127	23	150	154	125	129	20	26	223	8.25532	2.21387	0.707426	1	1	-1
24134.6	26172.4	1839.8	22.7578	198.324	2878.49	193.776	193.776	705.862	319.794	318.516	900.462	294.644	252.397	939.799	7	152	165	7	150	154	163	167	4	10	220	8.08193	2.37357	0.758457	1	1	-1
25771	12917.2	5434.77	31.1495	199.301	3401.26	156.441	156.441	612.744	319.655	319.252	900.017	331.042	277.171	934.77	6	162	82	19	160	164	80	84	16	22	238	12.0934	3.12948	1	1	1	-1
27029.2	26863.8	1843.28	27.6322	199.513	2721.85	162.137	162.137	618.902	320.022	319.857	901.268	309.205	303.819	943.281	8	170	169	7	168	172	167	171	4	10	226	10.6975	2.79056	0.891703	1	1	-1
27992.3	7030.55	3982.54	31.7895	199.723	2833.62	146.544	146.544	566.28	320.04	318.848	900.227	312.288	310.555	982.541	9	176	45	14	174	178	43	47	11	17	229	12.567	2.91765	0.932313	1	1	-1
29819.7	35300.3	4600.92	25.9682	199.998	3455.68	157.234	157.234	614.283	320.905	318.942	897.639	379.705	260.316	700.919	8	187	222	17	185	189	220	224	14	20	230	9.53053	2.56681	0.820205	1	1	-1
30089.1	27656.6	1778.57	24.7623	199.901	3378.99	148.65	148.65	771.054	319.529	319.327	899.857	329.106	296.593	878.572	8	189	174	7	187	191	172	176	4	10	232	10.567	2.62871	0.839985	1	1	-1
30366.2	27059.9	6350.75	24.801	199.489	3276.55	171.143	171.143	632.449	319.547	320.143	905.76	286.217	339.908	1250.75	9	191	170	21	189	193	168	172	18	24	227	9.44216	2.4767	0.79141	1	1	-1
30619.2	16068.4	1754.92	33.7465	200.834	3169.66	138.94	138.94	495.066	320.711	321.315	899.002	379.177	388.372	854.916	8	192	101	7	190	194	99	103	4	10	232	10.8728	2.78938	0.891326	1	1	-1
31772.1	25012	3613.85	28.8723	198.498	3690.91	181.982	181.982	617.139	318.264	321.615	901.107	252.056	371.968	913.853	9	200	157	13	198	202	155	159	10	16	229	11.2027	2.93747	0.938644	1	1	-1
40064.6	11895.4	7109.75	30.1892	200.08	3028.62	150.177	150.177	610.113	321.275	321.087	903.255	384.559	375.412	1109.75	8	251	75	24	249	253	73	77	21	27	232	10.3473	2.83203	0.904953	1	1	-1
39947.1	25806.1	3945.58	27.8127	199.851	3024.91	162.229	162.229	520.022	318.781	320.834	901.151	267.149	366.143	945.576	8	251	162	14	249	253	160	164	11	17	227	10.2528	2.67477	0.854703	1	1	-1
SPOTS_END
