FISH-QUANT	v3a
File-version	3D_v1
RESULTS OF SPOT DETECTION PERFORMED ON 24-Sep-2021 
COMMENT	
IMG_Raw	Poiss_30spots_bg_200_1_I_300_0_img0.tif
IMG_Filtered	
IMG_DAPI	
IMG_TS_label	
FILE_settings	Poiss_30spots_bg_200_1_I_300_0_img0__settings_MATURE.txt
PARAMETERS
Pix-XY	Pix-Z	RI	Ex	Em	NA	Type
160	300	1.33	547	583	1.4	widefield
CELL_START	EntireImage
X_POS	1	1	256	256	
Y_POS	1	256	256	1	
Z_POS	
CELL_END
SPOTS_START
Pos_Y	Pos_X	Pos_Z	AMP	BGD	RES	SigmaX	SigmaY	SigmaZ	Cent_Y	Cent_X	Cent_Z	MuY	MuX	MuZ	ITERY_det	Y_det	X_det	Z_det	Y_min	Y_max	X_min	X_max	Z_min	Z_max	INT_raw	INT_filt	SC_det	SC_det_norm	TH_det	TH_fit	IN_nuc
1866.16	9566.34	4159.64	27.2761	199.488	689	158.635	158.635	655.505	318.879	319.318	903.228	266.156	286.342	1159.64	9	13	61	14	11	15	59	63	11	17	226	10.0472	2.64472	0.908838	1	1	-1
3872.5	17147.4	7240.98	28.6625	199.92	778.038	159.302	159.302	542.34	320.506	320.596	900.772	352.496	347.39	940.979	6	25	108	25	23	27	106	110	22	28	227	10.0292	2.55786	0.87899	1	1	-1
4123.56	1744.68	4421.41	27.2649	199.79	799.628	168.31	168.31	634.461	319.165	319.594	898.845	283.565	304.679	821.408	6	27	12	16	25	29	10	14	13	19	224	10.3739	2.65296	0.91167	1	1	-1
9547.37	8839.6	7061.2	26.616	199.979	637.202	165.323	165.323	576.051	319.154	320.676	897.752	267.366	359.596	761.198	7	61	56	25	59	63	54	58	22	28	224	9.27335	2.43419	0.83649	1	1	-1
10471.3	39311.1	4125.74	27.7959	200.169	836.992	149.538	149.538	603.39	321.147	318.813	898.606	391.267	271.063	825.735	7	66	247	15	64	68	245	249	12	18	225	9.12042	2.51676	0.864866	1	1	-1
11200.6	13272.1	1755.28	32.7758	200.952	794.571	133.284	133.284	536.242	319.978	319.656	899.22	320.637	312.109	855.282	6	71	84	7	69	73	82	86	4	10	236	12.3661	2.64873	0.910217	1	1	-1
12227.3	32396.9	3042.46	25.7925	199.875	943.841	166.404	166.404	653.287	321.136	321.405	896.2	387.295	396.852	642.463	9	77	203	12	75	79	201	205	9	15	226	8.13906	2.46859	0.848311	1	1	-1
13837.6	6455.9	4024.99	25.4365	199.93	616.717	162.152	162.152	603.228	321.447	320.901	901.537	397.58	375.897	1024.99	7	87	41	14	85	89	39	43	11	17	221	8.56787	2.36805	0.813763	1	1	-1
13727.2	19667.9	4766.56	27.7278	200.233	1009.38	161.742	161.742	564.764	319.245	319.946	899.07	287.229	307.893	866.561	8	87	124	17	85	89	122	126	14	20	228	10.7703	2.53026	0.869504	1	1	-1
16422.4	27252.5	3317.69	28.2533	200.136	945.22	157.037	157.037	585.819	318.877	320.944	899.849	262.401	372.471	917.687	7	104	171	12	102	106	169	173	9	15	229	10.0544	2.59139	0.890511	1	1	-1
16965.6	33988.6	2030.58	29.5903	200.063	2212.97	186.477	186.477	577.692	320.319	321.717	898.003	325.554	388.616	830.575	9	107	213	8	105	109	211	215	5	11	231	11.7165	2.89	0.993125	1	1	-1
17025	34283.1	1849.58	23.9873	198.995	1905.49	218.989	218.989	650.271	317.943	317.742	901.102	224.98	203.136	949.576	9	108	216	7	106	110	214	218	4	10	227	8.15078	2.46731	0.847873	1	1	-1
17738.5	32958.1	1822.84	25.2903	199.835	973.849	164.605	164.605	653.813	319.499	319.919	900.168	298.461	318.119	922.842	6	112	207	7	110	114	205	209	4	10	223	9.75491	2.48821	0.855055	1	1	-1
20111.9	19163	4799.31	27.9731	199.961	713.702	154.884	154.884	635.995	319.034	319.065	900.21	271.9	282.981	899.308	7	127	121	17	125	129	119	123	14	20	225	10.6479	2.66758	0.916692	1	1	-1
20723.8	20669.3	2248.28	25.3729	200.273	766.507	157.396	157.396	578.841	318.763	320.538	898.404	243.808	349.322	748.277	8	131	130	9	129	133	128	132	6	12	226	8.79657	2.33635	0.802869	1	1	-1
21206.6	15490.9	2513.56	29.9637	200.052	703.639	155.478	155.478	536.512	318.599	319.516	902.09	246.563	290.942	1013.56	7	134	98	9	132	136	96	100	6	12	226	10.5628	2.64134	0.907677	1	1	-1
23133.6	6705.68	7270.35	31.8546	200.416	879.74	146.85	146.85	556.626	318.699	319.893	900.939	253.568	305.682	970.349	7	146	43	25	144	148	41	45	22	28	230	11.4044	2.78557	0.957239	1	1	-1
23821.6	23044	3321.98	28.7626	199.763	681.232	157.725	157.725	591.438	319.906	320.054	900.143	301.605	323.998	921.978	5	150	145	12	148	152	143	147	9	15	226	11.4873	2.66174	0.914687	1	1	-1
25856.6	11558	6190.85	27.6073	200.07	845.4	153.786	153.786	569.261	318.794	320.681	898.294	256.567	357.966	790.848	7	163	73	22	161	165	71	75	19	25	228	9.58351	2.49092	0.855986	1	1	-1
27168.6	13052	3897.89	33.2233	200.421	718.928	144.604	144.604	531.31	319.432	318.591	899.899	288.574	252.003	897.889	6	171	83	14	169	173	81	85	11	17	229	11.2033	2.78927	0.958511	1	1	-1
27482.7	8913.18	6714.04	26.0746	199.78	981.948	166.127	166.127	582.172	319.328	319.015	901.638	282.744	273.181	1014.04	7	173	57	23	171	175	55	59	20	26	226	9.42054	2.39424	0.822761	1	1	-1
27914.2	9327	1853.72	29.6522	200.42	755.188	155.572	155.572	525.848	321.493	320.89	900.352	394.204	367.002	953.719	8	175	59	7	173	177	57	61	4	10	226	10.0273	2.5753	0.884981	1	1	-1
30478.8	31920.9	7290.65	28.1837	199.883	753.714	158.516	158.516	555.767	318.633	318.53	900.756	238.843	240.888	990.652	8	192	201	25	190	194	199	203	22	28	225	8.78956	2.52724	0.868467	1	1	-1
32127.8	10152.2	1939.49	32.8564	199.771	1043.34	165.012	165.012	512.893	319.375	318.11	902.538	287.756	232.165	1039.49	7	202	65	7	200	204	63	67	4	10	228	10.9116	2.91	1	1	1	-1
34625.6	29304.4	6481.14	29.5796	199.815	1113.39	163.031	163.031	552.407	321.4	320.573	897.744	385.633	344.436	781.143	8	217	184	23	215	219	182	186	20	26	229	10.5213	2.67344	0.918707	1	1	-1
35745	7544.22	6299.88	26.4541	200.38	960.689	156.67	156.67	574.45	321.163	320.524	899.908	385.007	344.221	899.883	7	224	48	22	222	226	46	50	19	25	227	9.64512	2.39512	0.823066	1	1	-1
35918.6	19177.2	2865.54	27.2188	200.23	694.914	149.891	149.891	607.89	318.508	319.341	898.589	238.558	297.223	765.542	8	226	121	11	224	228	119	123	8	14	224	9.5455	2.50948	0.862362	1	1	-1
35960.4	26203.7	7094.88	28.5823	199.695	912.67	166.832	166.832	583.56	319.146	319.343	898.617	280.4	283.701	794.883	7	226	165	25	224	228	163	167	22	28	226	10.2943	2.64737	0.909747	1	1	-1
36269	9083.06	3437.7	32.664	200.695	977.988	137.228	137.228	560.662	319.056	319.289	902.591	268.987	283.057	1037.7	8	228	58	12	226	230	56	60	9	15	232	11.7413	2.77683	0.954237	1	1	-1
38653.7	32278.6	4124.98	26.7561	200.277	794.754	152.185	152.185	613.59	318.881	318.984	899.077	253.738	278.586	824.977	8	243	203	15	241	245	201	205	12	18	232	9.7281	2.46199	0.846043	1	1	-1
SPOTS_END
