FISH-QUANT	v3a
File-version	3D_v1
RESULTS OF SPOT DETECTION PERFORMED ON 24-Sep-2021 
COMMENT	
IMG_Raw	Poiss_30spots_bg_200_2_I_300_0_img2.tif
IMG_Filtered	
IMG_DAPI	
IMG_TS_label	
FILE_settings	Poiss_30spots_bg_200_2_I_300_0_img2__settings_MATURE.txt
PARAMETERS
Pix-XY	Pix-Z	RI	Ex	Em	NA	Type
160	300	1.33	547	583	1.4	widefield
CELL_START	EntireImage
X_POS	1	1	256	256	
Y_POS	1	256	256	1	
Z_POS	
CELL_END
SPOTS_START
Pos_Y	Pos_X	Pos_Z	AMP	BGD	RES	SigmaX	SigmaY	SigmaZ	Cent_Y	Cent_X	Cent_Z	MuY	MuX	MuZ	ITERY_det	Y_det	X_det	Z_det	Y_min	Y_max	X_min	X_max	Z_min	Z_max	INT_raw	INT_filt	SC_det	SC_det_norm	TH_det	TH_fit	IN_nuc
1902.06	1857.56	2229.77	27.7482	200.426	1338.28	160.052	160.052	546.152	319.866	319.003	897.729	302.058	257.557	729.768	8	13	13	9	11	15	11	15	6	12	229	9.75213	2.50327	0.852087	1	1	-1
3289.42	20022.6	2329.53	28.2809	200.367	1317.77	162.092	162.092	526.821	318.355	320.527	898.592	249.423	342.612	829.525	8	22	126	9	20	24	124	128	6	12	230	10.0195	2.51611	0.856458	1	1	-1
6042.72	37101.2	2598.46	30.6666	199.702	1416	163.16	163.16	519.197	319.19	319.655	898.59	282.723	301.186	798.458	7	39	233	10	37	41	231	235	7	13	229	11.1191	2.67977	0.912166	1	1	-1
6411.09	32560	7468.32	25.6929	198.895	1147.26	175.683	175.683	645.856	320.085	321.62	895.237	331.09	399.952	568.317	8	41	204	27	39	43	202	206	24	30	225	8.78953	2.54978	0.867918	1	1	-1
6628.89	12582.2	5684.16	22.7493	199.746	1330.16	172.694	172.694	647.798	318.427	319.108	899.941	228.893	262.212	884.158	7	43	80	20	41	45	78	82	17	23	219	7.48943	2.30662	0.785148	1	1	-1
9811.34	35825.5	6767.9	29.8249	199.851	1436.48	159.835	159.835	559.558	320.962	319.852	897.224	371.337	305.5	767.904	7	62	225	24	60	64	223	227	21	27	224	10.9762	2.79488	0.951348	1	1	-1
9969.18	17278.8	5347.68	31.6296	200.601	1483.31	147.328	147.328	529.545	320.974	319.964	898.341	369.178	318.843	847.681	6	63	109	19	61	65	107	111	16	22	232	11.546	2.70991	0.922425	1	1	-1
10219.9	10669.3	3703.64	24.3689	200.004	1823.74	164.164	164.164	647.087	319.897	319.239	900.898	299.916	269.254	1003.64	7	65	68	13	63	67	66	70	10	16	222	9.24693	2.4265	0.825955	1	1	-1
12021.5	37469.8	2751.61	26.6262	199.317	1580.46	173.161	173.161	640.608	320.43	320.729	896.233	341.544	349.777	651.608	7	76	235	11	74	78	233	237	8	14	226	9.99071	2.64094	0.898947	1	1	-1
13580.4	34827	6292.18	27.1995	200.349	1101.07	155.529	155.529	556.776	319.566	319.083	899.765	300.44	266.992	892.177	6	86	219	22	84	88	217	221	19	25	224	9.8626	2.38972	0.813434	1	1	-1
14526.8	19755.6	2436.34	26.1684	199.376	1312.41	172.711	172.711	638.981	319.651	321.384	904.83	286.776	395.613	1236.34	9	92	124	8	90	94	122	126	5	11	225	8.84373	2.56483	0.873039	1	1	-1
14781.8	20994.7	3790.33	25.0566	200.023	1485.06	167.686	167.686	620.006	321.216	320.72	898.6	381.777	354.739	790.329	7	93	132	14	91	95	130	134	11	17	223	9.54574	2.5222	0.858529	1	1	-1
16154.1	36920.9	2772.67	30.8525	199.895	1061.7	149.934	149.934	612.82	319.4	319.087	900.277	314.116	280.946	972.672	6	102	232	10	100	104	230	234	7	13	230	11.5335	2.93781	1	1	1	-1
17248.7	19976.1	2546.93	25.7458	200.513	1490.73	146.423	146.423	650.922	319.409	319.848	901.503	288.718	296.101	1046.93	8	109	126	9	107	111	124	128	6	12	224	9.27658	2.48383	0.845468	1	1	-1
18373.7	21707.6	7176.42	25.0415	199.229	1594.02	168.572	168.572	705.041	319.709	319.014	903.497	293.711	267.582	1176.42	9	116	137	24	114	118	135	139	21	27	228	9.07197	2.55442	0.869496	1	1	-1
19888.2	7153.61	5112.15	26.1026	199.945	1324.71	166.479	166.479	616.999	320.671	319.266	895.411	368.222	273.606	612.146	9	125	46	19	123	127	44	48	16	22	225	9.25244	2.47973	0.844074	1	1	-1
20217.1	28649.1	3393.45	27.4932	199.94	1432.99	165.526	165.526	542.881	321.096	320.121	901.225	377.13	329.073	993.446	7	127	180	12	125	129	178	182	9	15	226	10.5515	2.46523	0.839136	1	1	-1
20729.9	40038	2613.62	26.9544	199.769	1319.22	160.29	160.29	615.199	318.544	320.788	898.354	249.868	358.004	813.619	7	131	251	10	129	133	249	253	7	13	226	9.92577	2.54679	0.866899	1	1	-1
21027.5	14509.3	1921.19	26.7516	200.077	1589.79	159.98	159.98	528.262	321.071	318.991	901.681	387.491	269.331	1021.19	8	132	92	7	130	134	90	94	4	10	225	9.13084	2.40462	0.818505	1	1	-1
22060.5	16231.2	7131.32	29.006	199.929	1197.49	158.821	158.821	506.07	319.924	321.265	903.918	300.499	391.247	1131.32	8	139	102	24	137	141	100	104	21	27	230	9.71441	2.50574	0.852925	1	1	-1
22388.9	18526.1	2965.52	24.2821	200.078	1883.93	168.976	168.976	652.883	319.723	319.281	899.522	308.859	286.069	865.515	7	141	117	11	139	143	115	119	8	14	226	10.1902	2.43644	0.829339	1	1	-1
23193.4	24676.2	4071.82	23.8229	200.279	1417.75	151.163	151.163	720.297	319.906	320.672	899.085	313.397	356.19	771.817	8	146	155	15	144	148	153	157	12	18	223	9.26901	2.30242	0.783718	1	1	-1
23349.1	13130.3	3419.22	32.8169	200.968	1499.62	139.154	139.154	514.332	319.839	319.875	901.818	309.132	330.294	1019.22	7	147	83	12	145	149	81	85	9	15	234	12.1073	2.67958	0.912101	1	1	-1
25144.3	15789.2	3716.52	27.2566	200.235	1112.86	152.698	152.698	557.32	320.323	319.373	901.907	344.33	269.175	1016.52	7	158	100	13	156	160	98	102	10	16	224	9.35943	2.4164	0.822516	1	1	-1
26729.6	9864	2321.15	22.0649	199.533	1464.65	181.436	181.436	719.296	320.353	318.842	898.591	329.594	264.002	821.147	8	168	63	9	166	170	61	65	6	12	224	8.70698	2.30769	0.785512	1	1	-1
28375.3	8174.09	5597.48	28.1747	199.454	1407.77	164.974	164.974	651.485	321.297	320.398	903.405	375.275	334.095	1097.48	8	178	52	19	176	180	50	54	16	22	225	10.4748	2.72303	0.926891	1	1	-1
28848.7	1728.28	1715.3	29.414	200.334	1381.29	146.086	146.086	632.144	321.248	319.2	899.027	368.676	288.277	815.305	7	181	12	7	179	183	10	14	4	10	225	11.0952	2.75233	0.936863	1	1	-1
33616	27465.1	2249.32	30.2561	199.94	1382.46	150.27	150.27	609.146	320.474	319.163	897.742	336.049	265.118	749.322	7	211	173	9	209	213	171	175	6	12	230	10.7441	2.83449	0.964828	1	1	-1
35123.4	21267.1	4281.48	28.7013	200.252	1356.61	149.781	149.781	554.589	321.645	319.606	896.706	403.441	307.089	681.475	8	220	134	16	218	222	132	136	13	19	225	9.56554	2.48981	0.847504	1	1	-1
37186.4	9236.37	3309.88	28.5692	199.768	1395.56	151.061	151.061	664.5	321.13	319.18	895.764	386.389	276.374	609.882	8	233	59	13	231	235	57	61	10	16	225	9.77543	2.72699	0.928239	1	1	-1
SPOTS_END
