FISH-QUANT	v3a
File-version	3D_v1
RESULTS OF SPOT DETECTION PERFORMED ON 24-Sep-2021 
COMMENT	
IMG_Raw	Poiss_30spots_bg_200_1_I_300_0_img1.tif
IMG_Filtered	
IMG_DAPI	
IMG_TS_label	
FILE_settings	Poiss_30spots_bg_200_1_I_300_0_img1__settings_MATURE.txt
PARAMETERS
Pix-XY	Pix-Z	RI	Ex	Em	NA	Type
160	300	1.33	547	583	1.4	widefield
CELL_START	EntireImage
X_POS	1	1	256	256	
Y_POS	1	256	256	1	
Z_POS	
CELL_END
SPOTS_START
Pos_Y	Pos_X	Pos_Z	AMP	BGD	RES	SigmaX	SigmaY	SigmaZ	Cent_Y	Cent_X	Cent_Z	MuY	MuX	MuZ	ITERY_det	Y_det	X_det	Z_det	Y_min	Y_max	X_min	X_max	Z_min	Z_max	INT_raw	INT_filt	SC_det	SC_det_norm	TH_det	TH_fit	IN_nuc
1332.03	33940.7	5121.74	26.678	200.169	926.044	153.398	153.398	649.548	321.025	320.47	896.063	372.029	340.671	621.736	9	9	213	19	7	11	211	215	16	22	225	9.82538	2.49968	0.877618	1	1	-1
3531.98	3721.09	4493.54	28.6526	199.763	1167.94	161.576	161.576	608.818	320.358	320.849	900.319	331.979	361.09	893.543	5	23	24	16	21	25	22	26	13	19	227	10.8667	2.6948	0.946124	1	1	-1
4229.58	18151.5	3978.47	31.0867	200.332	994.873	146.209	146.209	519.886	321.304	321.416	901.487	389.577	391.489	978.47	9	27	114	14	25	29	112	116	11	17	234	10.0243	2.61548	0.918276	1	1	-1
5572.77	24592	6263.45	26.6492	199.772	758.171	159.848	159.848	696.523	319.445	318.882	899.396	292.766	271.953	863.451	7	36	155	22	34	38	153	157	19	25	225	10.9717	2.67101	0.937769	1	1	-1
5854.23	13649.4	1810.44	29.2357	200.273	602.895	142.035	142.035	598.999	318.862	320.811	900.395	254.233	369.445	910.442	7	38	86	7	36	40	84	88	4	10	226	9.62989	2.59198	0.910026	1	1	-1
8285.31	37409.2	1851.56	23.5145	199.923	799.475	168.333	168.333	655.441	319.368	319.422	904.15	285.315	289.241	1251.56	8	53	235	6	51	55	233	237	3	9	223	8.45824	2.23718	0.785458	1	1	-1
9923.55	16892.2	3242.33	27.2903	200.304	638.022	158.949	158.949	552.209	320.331	318.734	899.161	323.555	252.249	842.333	7	63	107	12	61	65	105	109	9	15	227	9.81547	2.42128	0.850092	1	1	-1
11898.3	32003.9	4593.8	30.3791	200.056	584.897	148.894	148.894	569.346	320.976	320.148	901.637	378.343	323.947	993.798	7	75	201	16	73	77	199	203	13	19	226	10.5298	2.70527	0.9498	1	1	-1
13852.1	38104.2	6256.64	29.6374	200.535	999.372	143.418	143.418	539.529	318.607	320.412	899.362	252.058	344.167	856.643	9	88	239	22	86	90	237	241	19	25	233	10.8483	2.52316	0.885863	1	1	-1
14100.7	18933.7	7372.71	25.2728	200.008	842.42	168.908	168.908	591.274	320.358	321.096	902.416	340.747	373.697	1072.71	8	89	119	25	87	91	117	121	22	28	226	9.55381	2.35884	0.82817	1	1	-1
16530.6	13243.5	3550.94	27.2961	199.874	878.428	166.217	166.217	547.88	321.047	319.36	898.724	370.553	283.48	850.943	6	104	84	13	102	106	82	86	10	16	226	9.55596	2.44604	0.858787	1	1	-1
16754.6	38457.9	2375.92	30.3635	199.74	930.889	160.721	160.721	591.761	319.03	321.041	899.053	274.585	377.927	875.925	7	106	241	9	104	108	239	243	6	12	228	10.2898	2.84825	1	1	1	-1
22082.3	29640.2	2880.25	22.65	199.23	912.38	192.806	192.806	641.269	320.018	320.662	903.078	322.332	360.248	1080.25	8	139	186	10	137	141	184	188	7	13	222	8.48591	2.24713	0.788949	1	1	-1
22667.3	36368.3	4267.42	26.1932	199.336	898.595	176.068	176.068	646.093	318.994	320.899	900.972	267.29	368.297	967.425	8	143	228	15	141	145	226	230	12	18	223	8.96406	2.57831	0.905225	1	1	-1
23938.7	24776.9	4415.28	24.0944	199.987	1133.1	166.234	166.234	639.699	318.854	319.418	899.337	258.656	296.855	815.279	8	151	156	16	149	153	154	158	13	19	227	8.8628	2.38196	0.836288	1	1	-1
24082.5	28955	3709.41	24.8327	199.973	877.488	169.732	169.732	608.186	321.691	320.21	897.55	402.471	314.984	709.41	9	151	182	14	149	153	180	184	11	17	228	8.92366	2.37135	0.832563	1	1	-1
29191.6	36030.9	3843.87	24.0767	199.779	924.192	171.364	171.364	630.348	321.298	320.528	898.859	391.556	350.947	843.866	7	183	226	14	181	185	224	228	11	17	223	8.50976	2.3681	0.831421	1	1	-1
29609.4	7157.54	2816.85	24.884	199.936	956.789	160.654	160.654	635.257	320.412	319.413	901.722	329.443	277.544	1016.85	7	186	46	10	184	188	44	48	7	13	222	9.44699	2.41327	0.847282	1	1	-1
29689.4	12362.4	6863.42	29.4027	199.928	858.335	161.051	161.051	585.908	318.409	320.813	898.936	249.443	362.4	863.415	7	187	78	24	185	189	76	80	21	27	225	10.0399	2.7377	0.961183	1	1	-1
29944.3	21980.1	4335.64	25.8184	199.902	777.164	162.908	162.908	640.03	320.524	321.119	901.703	344.274	380.088	1035.64	7	188	138	15	186	190	136	140	12	18	221	9.43862	2.48345	0.871921	1	1	-1
30798.5	22908.4	2269.08	28.9266	200.425	930.671	145.228	145.228	639.566	318.587	320.532	897.937	238.452	348.379	769.081	7	194	144	9	192	196	142	146	6	12	231	10.0355	2.63984	0.926827	1	1	-1
31620.1	28020.5	2896.37	30.9624	200.127	690.844	151.48	151.48	550.839	318.899	320.582	898.079	260.11	340.55	796.372	7	199	176	11	197	201	174	178	8	14	227	11.2008	2.73958	0.961845	1	1	-1
32691	19866.3	1544.85	28.9302	200.541	1024.1	155.812	155.812	515.105	320.894	320.532	900.838	371.045	346.258	944.848	7	205	125	6	203	207	123	127	3	9	226	10.6205	2.45784	0.862929	1	1	-1
34354	1326.69	2208.19	27.9813	199.961	753.582	165.326	165.326	573.05	319.204	320.898	901.567	274.019	366.694	1008.19	7	216	9	8	214	218	7	11	5	11	225	9.87177	2.5688	0.901887	1	1	-1
34331.9	31583.5	3745.48	22.0159	199.582	665.383	171.65	171.65	661.546	318.604	320.924	897.535	251.891	383.465	745.48	8	216	198	14	214	218	196	200	11	17	222	7.88929	2.16563	0.760337	1	1	-1
36950.9	1446.1	2780.04	30.4851	199.736	874.372	158.781	158.781	551.547	320	319.96	900.856	310.945	326.099	980.04	7	232	10	10	230	234	8	12	7	13	231	11.7475	2.74896	0.965138	1	1	-1
38559.4	27401.1	6856.73	27.7274	200.107	755.526	157.857	157.857	571.228	319.857	320.694	899.32	319.413	361.1	856.729	6	242	172	24	240	244	170	174	21	27	226	10.449	2.55144	0.895789	1	1	-1
39102.2	10052.9	4847.23	26.5041	199.285	881.493	170.911	170.911	609.254	321.344	319.512	900.89	382.223	292.949	947.232	7	245	64	17	243	247	62	66	14	20	223	9.78449	2.51641	0.883492	1	1	-1
40205.7	7840.82	7208.71	27.1927	200.428	964.297	153.559	153.559	572.014	320.725	319.911	900.503	365.733	320.822	908.708	6	252	50	25	250	254	48	52	22	28	226	9.9228	2.45613	0.86233	1	1	-1
40134.1	33320.9	4091.55	28.2455	199.205	1220.35	169.503	169.503	635.092	319.58	320.769	898.037	294.144	360.857	791.551	8	252	209	15	250	254	207	211	12	18	228	10.4989	2.74067	0.962228	1	1	-1
SPOTS_END
