FISH-QUANT	v3a
File-version	3D_v1
RESULTS OF SPOT DETECTION PERFORMED ON 24-Sep-2021 
COMMENT	
IMG_Raw	Poiss_30spots_bg_200_4_I_300_0_img1.tif
IMG_Filtered	
IMG_DAPI	
IMG_TS_label	
FILE_settings	Poiss_30spots_bg_200_4_I_300_0_img1__settings_MATURE.txt
PARAMETERS
Pix-XY	Pix-Z	RI	Ex	Em	NA	Type
160	300	1.33	547	583	1.4	widefield
CELL_START	EntireImage
X_POS	1	1	256	256	
Y_POS	1	256	256	1	
Z_POS	
CELL_END
SPOTS_START
Pos_Y	Pos_X	Pos_Z	AMP	BGD	RES	SigmaX	SigmaY	SigmaZ	Cent_Y	Cent_X	Cent_Z	MuY	MuX	MuZ	ITERY_det	Y_det	X_det	Z_det	Y_min	Y_max	X_min	X_max	Z_min	Z_max	INT_raw	INT_filt	SC_det	SC_det_norm	TH_det	TH_fit	IN_nuc
1467.96	17763.8	5787.86	26.4843	199.521	4223.12	168.872	168.872	546.269	320.534	319.816	902.682	347.955	323.759	987.864	7	10	112	20	8	12	110	114	17	23	230	10.2443	2.5021	0.746698	1	1	-1
3792.39	22146.3	1824.37	31.314	201.035	3813.3	138.691	138.691	537.494	319.307	320.787	901.399	272.393	386.336	924.367	7	25	139	7	23	27	137	141	4	10	226	10.8385	2.77658	0.828611	1	1	-1
4660.44	5972.49	2481.71	25.4565	199.081	3164.65	178.32	178.32	628.892	320.43	321.446	901.553	340.441	372.485	981.71	8	30	38	9	28	32	36	40	6	12	221	10.0709	2.61915	0.781629	1	1	-1
5345.02	20303.8	3541.69	30.8466	199.849	3126.88	163.296	163.296	489.807	321.652	319.861	899.421	385.018	303.766	841.692	8	34	128	13	32	36	126	130	10	16	231	12.1179	2.6986	0.80534	1	1	-1
6931.51	16755	6916.91	26.3949	200.278	3172.2	150.107	150.107	610.983	320.874	319.436	900.672	371.514	275.009	916.909	8	44	106	24	42	46	104	108	21	27	229	9.63266	2.7088	0.808383	1	1	-1
7596.18	29850.3	3957.15	35.9241	200.566	4379.83	148.049	148.049	410.813	321.473	321.742	901.335	396.177	410.298	957.155	9	48	187	14	46	50	185	189	11	17	230	10.2454	2.88501	0.86097	1	1	-1
12476.7	11346.3	3488.95	22.7409	198.588	3338.3	194.184	194.184	716.015	319.62	320.09	898.313	316.681	306.298	788.949	7	79	72	13	77	81	70	74	10	16	222	8.97238	2.43572	0.726889	1	1	-1
13333.7	18347.7	1499.2	24.9584	198.118	3699.26	194.178	194.178	666.111	321.404	318.829	905.115	373.67	267.711	1199.2	9	84	116	5	82	86	114	118	2	8	226	9.57784	2.7553	0.822259	1	1	-1
13767	7616.03	4900.06	26.4398	199.814	3040.04	153.148	153.148	705.571	320.139	321.884	904.845	326.979	416.028	1300.06	10	87	48	16	85	89	46	50	13	19	230	9.93715	2.69379	0.803905	1	1	-1
19798.9	12580.9	6926.14	29.459	199.848	3537.07	156.435	156.435	569.401	318.728	318.854	899.043	278.89	260.87	926.141	7	125	80	24	123	127	78	82	21	27	230	11.5339	2.86828	0.855976	1	1	-1
19767.4	33753.1	2955	30.1627	201.261	3381.53	143.608	143.608	507.539	319.116	319.531	899.238	247.4	313.099	855	8	125	212	11	123	127	210	214	8	14	234	10.2914	2.6367	0.786867	1	1	-1
21386.5	24574	1878.01	30.6096	201.319	3041.65	137.51	137.51	543.086	318.723	319.049	902.478	266.542	253.995	978.01	9	135	155	7	133	137	153	157	4	10	226	10.8787	2.74263	0.81848	1	1	-1
21872.8	12245.4	7362.29	28.0508	199.954	3342.24	145.402	145.402	608.788	319.479	318.784	901.826	272.813	245.371	1062.29	8	138	78	25	136	140	76	80	22	28	223	9.12537	2.67852	0.799347	1	1	-1
22763.3	3352.29	4828.5	26.4206	197.874	3022.82	186.238	186.238	716.479	321.059	319.628	895.669	363.276	312.287	628.504	8	143	22	18	141	145	20	24	15	21	223	10.3198	2.76122	0.824027	1	1	-1
23352.2	33474.2	4537.14	29.0654	199.63	3568.91	155.923	155.923	525.237	319.74	321.181	901.128	312.168	354.153	937.14	9	147	210	16	145	149	208	212	13	19	228	11.7917	2.72579	0.813454	1	1	-1
23856.2	10682.2	6537.46	30.3574	200.818	3528.66	150.828	150.828	539.22	320.406	319.027	900.36	336.212	282.199	837.455	6	150	68	23	148	152	66	70	20	26	232	12.0937	2.68687	0.801838	1	1	-1
23917.4	16306.8	7215.53	34.4285	200.614	3409.2	148.387	148.387	446.412	321.664	320.125	900.713	397.369	306.753	915.533	8	150	103	25	148	152	101	105	22	28	230	11.6596	2.73252	0.815464	1	1	-1
24095.1	7921.57	2539.32	22.2318	200.765	2925.75	171.396	171.396	601.193	318.928	318.732	901.424	255.109	241.57	1039.32	8	152	51	9	150	154	49	53	6	12	223	7.24593	2.23295	0.666375	1	1	-1
24334.9	24683.9	3298.67	32.6029	199.119	3865.03	146.774	146.774	628.959	320.395	320.467	899.613	334.909	363.851	898.666	8	153	155	12	151	155	153	157	9	15	234	12.9322	3.35089	1	1	1	-1
24609.1	12586.4	3632.15	23.7958	200.141	3381.29	168.147	168.147	683.189	319.276	319.294	901.148	289.057	266.44	932.149	8	155	80	13	153	157	78	82	10	16	224	8.35763	2.57857	0.76952	1	1	-1
26041.4	40274.6	3449.57	37.5372	199.856	4119.14	140.612	140.612	502.588	319.619	319.193	897.117	281.353	274.636	749.57	7	164	253	13	162	166	251	255	10	16	234	12.9997	3.28046	0.978984	1	1	-1
27904.8	38824.1	5728.8	24.5724	199.546	3152.93	175.612	175.612	668.365	318.036	319.396	900.252	224.825	264.1	928.796	7	176	244	20	174	178	242	246	17	23	220	8.30972	2.59981	0.775858	1	1	-1
28868.7	21481.6	6834.17	30.4308	199.963	3200.43	152.425	152.425	558.82	321.339	320.725	898.741	388.675	361.631	834.166	8	181	135	24	179	183	133	137	21	27	225	10.1657	2.87984	0.859428	1	1	-1
29718	22148.4	2908.92	22.4884	200.139	3991.17	185.666	185.666	535.441	321.832	318.818	904.215	438.024	228.376	1108.92	10	186	140	10	184	188	138	142	7	13	226	7.97975	2.21948	0.662357	1	1	-1
30355.5	9147.58	7106.84	30.2141	200.18	3194.1	168.737	168.737	500.123	319.183	320.237	897.74	275.52	347.576	806.839	7	191	58	25	189	193	56	60	22	28	228	11.5099	2.7446	0.819067	1	1	-1
32586	34299.4	5347.31	28.9638	199.659	3798.03	162.709	162.709	566.068	318.729	321.567	899.253	265.955	379.375	847.311	8	205	215	19	203	207	213	217	16	22	227	10.6511	2.78454	0.830986	1	1	-1
32897.2	1343.88	6010.18	34.6393	199.954	3350.39	138.704	138.704	551.749	318.807	321.001	904.534	257.184	383.885	1210.18	9	207	9	20	205	209	7	11	17	23	228	10.7837	2.97216	0.886977	1	1	-1
35081.3	12911.3	6830.61	27.4265	200.002	3438.86	166.793	166.793	588.021	320.434	319.017	903.553	361.277	271.348	1130.61	9	220	82	23	218	222	80	84	20	26	228	10.1496	2.60258	0.776684	1	1	-1
36465.8	9359.7	2513.53	28.7973	200.031	3387.98	150.564	150.564	603.528	319.185	318.791	900.857	305.801	239.7	1013.53	9	229	60	9	227	231	58	62	6	12	232	9.89402	2.71507	0.810254	1	1	-1
36731.8	36756.1	6822.88	23.4911	199.921	3371.02	177.698	177.698	587.95	319.105	319.338	898.7	251.754	276.093	822.885	7	231	231	24	229	233	229	233	21	27	223	8.32886	2.34818	0.700764	1	1	-1
SPOTS_END
