FISH-QUANT	v3a
File-version	3D_v1
RESULTS OF SPOT DETECTION PERFORMED ON 24-Sep-2021 
COMMENT	
IMG_Raw	Poiss_30spots_bg_200_2_I_300_0_img0.tif
IMG_Filtered	
IMG_DAPI	
IMG_TS_label	
FILE_settings	Poiss_30spots_bg_200_2_I_300_0_img0__settings_MATURE.txt
PARAMETERS
Pix-XY	Pix-Z	RI	Ex	Em	NA	Type
160	300	1.33	547	583	1.4	widefield
CELL_START	EntireImage
X_POS	1	1	256	256	
Y_POS	1	256	256	1	
Z_POS	
CELL_END
SPOTS_START
Pos_Y	Pos_X	Pos_Z	AMP	BGD	RES	SigmaX	SigmaY	SigmaZ	Cent_Y	Cent_X	Cent_Z	MuY	MuX	MuZ	ITERY_det	Y_det	X_det	Z_det	Y_min	Y_max	X_min	X_max	Z_min	Z_max	INT_raw	INT_filt	SC_det	SC_det_norm	TH_det	TH_fit	IN_nuc
2523.37	28653.3	6235.51	23.2013	198.406	1091.27	194.911	194.911	700.216	319.194	320.219	898.732	283.367	333.342	835.509	7	17	180	22	15	19	178	182	19	25	222	8.74107	2.35129	0.825757	1	1	-1
5600.68	16503.1	3458.57	28.6629	199.751	1407.53	164.157	164.157	509.832	320.345	320.421	902.571	320.678	343.127	1058.57	8	36	104	12	34	38	102	106	9	15	235	11.0809	2.52943	0.888317	1	1	-1
5838.79	23930.1	5284.81	23.1277	199.622	1497.1	173.406	173.406	627.373	318.507	321.502	898.066	238.793	410.069	784.81	8	38	150	19	36	40	148	152	16	22	226	8.07929	2.28708	0.803205	1	1	-1
8280.25	16268.2	6417.02	28.4124	199.784	1547.96	158.446	158.446	569.616	319.382	318.701	901.781	280.253	268.248	1017.02	7	53	103	22	51	55	101	105	19	25	225	10.0909	2.64788	0.929915	1	1	-1
10086.1	28441	6057.37	28.3931	200.69	1375.65	148.267	148.267	579.992	320.299	319.383	900.696	326.109	281.011	957.373	6	64	179	21	62	66	177	181	18	24	230	11.3089	2.55302	0.896602	1	1	-1
11331.5	28652.1	6515.77	28.9252	200.034	1233.08	157.825	157.825	621.607	319.473	320.487	899.246	291.461	332.062	815.772	7	72	180	23	70	74	178	182	20	26	228	10.93	2.69455	0.946308	1	1	-1
11545.4	35044.6	5444.05	29.7058	200.235	1438.5	151.829	151.829	592.177	320.496	320.116	900.997	345.388	324.638	944.046	6	73	220	19	71	75	218	222	16	22	230	11.0529	2.7647	0.970943	1	1	-1
13930.3	36779.8	1608.6	29.8012	200.388	1189.48	150.282	150.282	620.207	320.036	320.036	897.236	330.287	299.788	708.598	7	88	231	7	86	90	229	233	4	10	226	11.3989	2.84744	1	1	1	-1
14822.2	32835	2484.45	23.6471	200.306	1316.18	170.492	170.492	523.176	319.05	320.699	897.093	262.214	354.977	684.453	8	94	206	10	92	96	204	208	7	13	226	8.6414	2.1408	0.751833	1	1	-1
14949.1	39576.7	3678.34	31.3291	199.93	1238.39	153.422	153.422	528.164	321.577	321.375	900.941	389.055	376.697	978.341	8	94	248	13	92	96	246	250	10	16	229	10.7389	2.76616	0.971454	1	1	-1
15295.3	33332.6	4678.43	25.1524	200.115	1355.85	160.478	160.478	586.147	319.023	321.102	897.698	255.253	372.627	778.432	9	97	209	17	95	99	207	211	14	20	227	8.80705	2.287	0.803178	1	1	-1
15350	37208.7	7016.21	23.9572	199.398	1580.66	172.301	172.301	664.175	319.951	318.432	901.563	310.027	248.746	1016.21	8	97	234	24	95	99	232	236	21	27	222	8.91152	2.38262	0.836757	1	1	-1
16755.6	14251.9	2912.21	26.1625	199.676	1103.52	174.196	174.196	597.595	319.16	320.282	898.659	275.618	331.941	812.209	7	106	90	11	104	108	88	92	8	14	226	9.60065	2.40562	0.844837	1	1	-1
17738	19105.7	6610.03	24.1484	199.196	1418.88	179.92	179.92	643.741	319.436	321.263	900.529	297.96	385.724	910.028	7	112	120	23	110	114	118	122	20	26	226	9.44786	2.41753	0.849019	1	1	-1
18164.5	9885.06	2288.59	24.8289	198.868	1178.13	190.092	190.092	626.108	318.308	319.378	902.736	244.474	285.057	1088.59	8	115	63	8	113	117	61	65	5	11	224	8.70605	2.50785	0.880739	1	1	-1
19357.4	7464.67	1732.84	26.4815	199.653	1401.29	166.434	166.434	612.259	319.754	318.814	898.926	317.391	264.669	832.843	7	122	48	7	120	124	46	50	4	10	222	10.131	2.5309	0.888833	1	1	-1
19799.9	23695.9	2044.52	28.9476	199.475	1327.83	173.153	173.153	542.395	319.24	320.483	899.103	279.881	335.924	844.521	7	125	149	8	123	127	147	151	5	11	228	10.6892	2.66593	0.936253	1	1	-1
24258.5	30105	4079.65	23.2031	199.822	1351.94	173.891	173.891	689.272	319.01	320.596	895.339	258.467	345.013	479.653	9	153	189	16	151	155	187	191	13	19	222	8.20878	2.32336	0.815945	1	1	-1
25256.3	925.818	7189.68	30.7567	200.814	1372.7	141.44	141.44	515.65	319.432	319.512	900.302	296.321	285.818	889.679	6	159	7	25	157	161	5	9	22	28	228	11.585	2.58193	0.906755	1	1	-1
25640.6	28020.6	1694.26	27.7795	200.403	1030.02	158.287	158.287	508.773	320.671	320.38	898.414	360.553	340.592	794.256	7	161	176	7	159	163	174	178	4	10	226	10.2485	2.40188	0.843521	1	1	-1
26279.2	30898.7	5443.59	25.6241	199.589	1220.74	166.544	166.544	669.177	320.85	320.246	900.386	359.186	338.72	943.585	6	165	194	19	163	167	192	196	16	22	225	9.66952	2.50646	0.880249	1	1	-1
27597.1	14781.3	6709.46	28.5271	200.127	1086.89	160.084	160.084	601.534	321.465	321.229	902.036	397.075	381.269	1009.46	7	173	93	23	171	175	91	95	20	26	223	9.98624	2.64776	0.929875	1	1	-1
30893.5	4732.95	6271.19	27.4681	200.145	1482.25	152.33	152.33	657.251	320.492	318.949	899.815	333.536	252.95	871.195	6	194	31	22	192	196	29	33	19	25	223	10.0724	2.6193	0.919878	1	1	-1
31211	23224.7	2292.16	28.0111	199.803	1157.35	162.783	162.783	563.243	320.488	320.506	898.38	331.027	344.731	792.155	6	196	146	9	194	198	144	148	6	12	229	10.8534	2.57319	0.903684	1	1	-1
31887.3	10086.1	5797.69	27.1837	199.709	1399.69	162.787	162.787	623.475	321.052	320.354	901.577	367.264	326.09	997.688	7	200	64	20	198	202	62	66	17	23	224	10.5	2.64447	0.928717	1	1	-1
32445.5	33182.5	6434.74	31.3295	200.015	1472.24	150.261	150.261	521.343	319.391	320.959	901.865	285.505	382.503	1034.74	8	204	208	22	202	206	206	210	19	25	230	11.2148	2.77305	0.973874	1	1	-1
35131.1	14799.8	3117.12	27.8232	200.117	1598.79	162.136	162.136	526.75	318.71	318.639	902.275	251.124	239.765	1017.12	8	221	94	11	219	223	92	96	8	14	225	8.66192	2.48786	0.873717	1	1	-1
35780.3	34255.1	6563.28	27.9077	199.117	1502.9	169.042	169.042	626.239	318.881	320.152	899.018	260.338	335.148	863.281	6	225	215	23	223	227	213	217	20	26	228	10.6708	2.70612	0.950369	1	1	-1
36708.9	22711.6	7138.36	28.6865	199.59	1783.66	165.275	165.275	607.373	321.462	319.96	898.801	388.913	311.588	838.356	7	230	143	25	228	232	141	145	22	28	234	10.6364	2.7741	0.974242	1	1	-1
39758.2	19473.4	7004.39	28.5005	199.855	1396.4	164.082	164.082	576.922	321.52	319.155	901.887	398.217	273.389	1004.39	7	249	123	24	247	251	121	125	21	27	226	9.41755	2.65789	0.93343	1	1	-1
SPOTS_END
