FISH-QUANT	v3a
File-version	3D_v1
RESULTS OF SPOT DETECTION PERFORMED ON 24-Sep-2021 
COMMENT	
IMG_Raw	Poiss_30spots_bg_200_8_I_300_0_img2.tif
IMG_Filtered	
IMG_DAPI	
IMG_TS_label	
FILE_settings	Poiss_30spots_bg_200_8_I_300_0_img2__settings_MATURE.txt
PARAMETERS
Pix-XY	Pix-Z	RI	Ex	Em	NA	Type
160	300	1.33	547	583	1.4	widefield
CELL_START	EntireImage
X_POS	1	1	256	256	
Y_POS	1	256	256	1	
Z_POS	
CELL_END
SPOTS_START
Pos_Y	Pos_X	Pos_Z	AMP	BGD	RES	SigmaX	SigmaY	SigmaZ	Cent_Y	Cent_X	Cent_Z	MuY	MuX	MuZ	ITERY_det	Y_det	X_det	Z_det	Y_min	Y_max	X_min	X_max	Z_min	Z_max	INT_raw	INT_filt	SC_det	SC_det_norm	TH_det	TH_fit	IN_nuc
1036.81	30306	3238.39	40.0087	201.028	12500.4	123.232	123.232	414.528	320.874	320.825	900.303	396.813	386.021	838.394	9	7	190	12	5	9	188	192	9	15	235	9.66201	3.01287	0.741152	1	1	-1
2059.36	30175.9	3677.54	38.8909	198.898	10591	149.667	149.667	482.686	318.944	318.967	894.743	299.357	255.897	677.539	11	14	190	14	12	16	188	192	11	17	238	12.9731	3.59617	0.884642	1	1	-1
4621.94	16173.5	4935.92	33.7539	200.431	10332.1	143.476	143.476	569.1	320.121	320.737	901.231	301.941	333.459	1035.92	7	30	102	17	28	32	100	104	14	20	233	13.5175	3.41858	0.840955	1	1	-1
6306.68	542.79	4465.5	31.6746	200.554	11901.8	163.626	163.626	464.165	321.692	318.554	899.071	386.68	222.79	865.501	9	40	5	16	38	42	3	7	13	19	231	9.90892	3.17591	0.781261	1	1	-1
7741.76	22017.9	3124.75	34.3868	200.921	9856.44	140.748	140.748	480.148	320.706	321.52	902.003	381.761	417.928	1024.75	9	49	138	11	47	51	136	140	8	14	233	10.7237	3.18348	0.783123	1	1	-1
8365.77	32347.4	2880.04	34.4977	201.69	12974.1	117.413	117.413	545.923	320.916	320.116	901.735	365.767	347.359	1080.04	12	53	203	10	51	55	201	205	7	13	240	11.4095	2.97174	0.731035	1	1	-1
12822.8	1576.3	4676.29	35.7903	195.895	11522.7	195.276	195.276	675.723	320.903	319.316	906.044	342.85	296.299	1076.29	8	81	11	16	79	83	9	13	13	19	242	13.9364	4.06511	1	1	1	-1
13173.9	12122.9	7653.47	32.9528	201.198	11082.3	151.924	151.924	581.582	322.274	318.379	896.96	373.865	282.86	753.47	11	83	77	27	81	85	75	79	24	30	234	13.6818	3.46339	0.85198	1	1	-1
13241.3	1041.16	6916.49	21.2189	195.921	10079	254.636	254.636	759.966	318.921	318.35	904.459	281.25	241.162	1216.49	9	84	8	23	82	86	6	10	20	26	225	9.20905	2.55579	0.628712	1	1	-1
16010.8	12056.6	2465.18	34.4388	200.202	11003.3	146.516	146.516	532.027	318.98	317.374	897.349	330.811	216.643	665.184	11	101	77	10	99	103	75	79	7	13	233	12.4684	3.5032	0.861772	1	1	-1
17339.1	39898.4	6329.52	20.5485	199.502	9968.06	158.738	158.738	741.795	320.486	321.378	902.027	379.064	378.375	1229.52	9	109	250	21	107	111	248	252	18	24	230	9.36518	2.87729	0.7078	1	1	-1
17552.1	7224.58	5236.31	33.2137	201.911	10697.8	131.819	131.819	439.988	319.371	321.161	900.485	272.066	344.582	1036.31	11	111	46	18	109	113	44	48	15	21	233	11.8933	3.03624	0.746901	1	1	-1
18055.9	14995.8	8475.36	34.4356	198.251	12321.4	92.2934	92.2934	251.263	319.697	319.059	900.164	295.865	275.764	975.357	14	114	95	29	112	116	93	97	26	32	224	8.76687	2.57468	0.633359	1	1	-1
19357.9	26389.8	5941.51	24.8433	197.846	12322.3	205.904	205.904	754.921	319.732	320.59	893.829	317.933	309.811	541.51	9	122	166	22	120	124	164	168	19	25	228	9.54638	3.32529	0.818008	1	1	-1
19783.5	8986.72	6554.05	32.6827	198.292	10757.9	180.806	180.806	571.915	322.332	320.671	906.177	423.519	346.717	1154.05	11	124	57	22	122	126	55	59	19	25	242	12.6057	3.45452	0.849798	1	1	-1
19580.3	33660.6	6367.56	34.275	200.025	10978	144.457	144.457	649.916	317.946	321.433	901.7	220.297	380.621	967.556	9	124	211	22	122	126	209	213	19	25	238	11.7494	3.69487	0.908921	1	1	-1
20097.5	11220.2	2677.86	28.2179	199.224	12546	160.067	160.067	590.36	318.149	320.71	903.95	257.486	340.211	1177.86	11	127	71	9	125	129	69	73	6	12	231	10.0605	3.12685	0.769193	1	1	-1
20558	932.224	2092.57	26.4694	198.454	11313.6	196.842	196.842	681.358	322.151	319.023	900.703	397.984	292.224	892.572	8	129	7	8	127	131	5	9	5	11	231	9.67524	3.19871	0.786869	1	1	-1
25901.4	4269.84	2362.86	25.2943	200.013	10680.4	153.645	153.645	634.337	320.031	321.75	903.972	301.416	429.836	1162.86	14	163	27	8	161	165	25	29	5	11	233	9.82788	2.96568	0.729545	1	1	-1
26562.8	12405.3	7066.13	684.463	199.005	12492.5	19.6676	19.6676	182.507	319.954	319.478	903.788	322.844	245.317	766.134	87	167	79	25	165	169	77	81	22	28	231	8.40383	2.53633	0.623926	1	1	-1
27328	18843.1	2718.24	27.95	198.461	12855.1	214.578	214.578	464.358	318.707	319.745	900.243	288.049	283.08	918.245	8	172	119	10	170	174	117	121	7	13	233	9.52804	3.21323	0.790441	1	1	-1
27518.7	9660.87	2998.87	28.6154	199.765	11975.8	136.09	136.09	801.289	319.865	320.885	903.023	318.724	380.867	1198.87	10	173	61	10	171	175	59	63	7	13	231	10.0883	3.37736	0.830816	1	1	-1
28485.2	5300.63	3776.35	30.2818	196.14	11258.6	185.027	185.027	776.045	320.459	320.737	897.37	325.197	340.633	776.346	8	179	34	14	177	181	32	36	11	17	226	12.3608	3.50813	0.862985	1	1	-1
28877.5	18405.9	2909.68	34.6491	202.099	9947.49	125.511	125.511	344.356	320.985	320.582	898.112	397.547	325.862	809.681	10	181	116	11	179	183	114	118	8	14	241	9.19331	2.4892	0.612333	1	1	-1
31214.7	38546	2825.96	32.0933	198.655	11329.3	90.1269	90.1269	317.275	320.027	319.18	898.532	334.71	306.012	1025.96	11	196	242	10	194	198	240	244	7	13	220	8.5433	2.53255	0.622997	1	1	-1
31563	9088.61	6182.85	29.4162	198.557	11390	185.815	185.815	600.023	321.3	318.802	904.885	363.002	288.614	1082.85	10	198	58	21	196	200	56	60	18	24	241	12.3542	3.27832	0.806452	1	1	-1
33729.3	27879.7	2238.54	26.8667	198.55	10875.9	215.255	215.255	617.712	315.607	319.969	906.099	129.251	359.701	1338.54	15	213	175	7	211	215	173	177	4	10	233	8.82485	3.40959	0.838744	1	1	-1
34493.3	22293.9	6014.64	29.621	199.08	10993.9	165.927	165.927	612.748	318.437	321.236	900.319	253.288	373.93	914.641	8	217	140	21	215	219	138	142	18	24	227	10.6022	3.30296	0.812515	1	1	-1
35911.7	3972.61	2799.94	32.2319	200.623	9603.68	158.323	158.323	486.011	321.95	319.933	900.51	391.675	292.61	999.938	9	225	26	10	223	227	24	28	7	13	232	12.8002	3.14948	0.774758	1	1	-1
37236.7	29663.3	6551.75	41.3957	203.073	10743.3	91.3903	91.3903	380.855	319.294	320.952	897.746	276.72	383.319	851.753	21	234	186	23	232	236	184	188	20	26	236	9.76137	2.55064	0.627446	1	1	-1
38158	24890.6	6522.11	27.8867	199.646	11444.8	161.808	161.808	553.038	321.154	318.976	893.829	397.993	250.569	522.108	14	239	157	24	237	241	155	159	21	27	228	9.18111	2.93514	0.722033	1	1	-1
SPOTS_END
