FISH-QUANT	v3a
File-version	3D_v1
RESULTS OF SPOT DETECTION PERFORMED ON 24-Sep-2021 
COMMENT	
IMG_Raw	Poiss_30spots_bg_200_0_I_10000_0_img2.tif
IMG_Filtered	
IMG_DAPI	
IMG_TS_label	
FILE_settings	Poiss_30spots_bg_200_0_I_10000_0_img2__settings_MATURE.txt
PARAMETERS
Pix-XY	Pix-Z	RI	Ex	Em	NA	Type
160	300	1.33	547	583	1.4	widefield
CELL_START	EntireImage
X_POS	1	1	256	256	
Y_POS	1	256	256	1	
Z_POS	
CELL_END
SPOTS_START
Pos_Y	Pos_X	Pos_Z	AMP	BGD	RES	SigmaX	SigmaY	SigmaZ	Cent_Y	Cent_X	Cent_Z	MuY	MuX	MuZ	ITERY_det	Y_det	X_det	Z_det	Y_min	Y_max	X_min	X_max	Z_min	Z_max	INT_raw	INT_filt	SC_det	SC_det_norm	TH_det	TH_fit	IN_nuc
1394.56	1978.85	4362.64	505.761	205.712	22447.6	210.432	210.432	574.633	307.178	335.653	941.942	274.565	378.846	1062.64	7	10	13	15	8	12	11	15	12	18	661	386	87.4817	0.984907	1	1	-1
1905.08	35679.3	4093.64	497.084	203.38	23063.6	214.365	214.365	574.62	316.76	319.598	951.097	305.082	319.28	1093.64	7	13	224	14	11	15	222	226	11	17	670	389	85.3187	0.960555	1	1	-1
3081.14	24221.9	1599.64	510.322	203.04	20726.8	211.675	211.675	581.099	330.992	336.953	846.764	361.144	381.904	699.643	7	20	152	7	18	22	150	154	4	10	666	381	88.8223	1	1	1	-1
3583.77	37322.5	2083.24	490.856	199.175	30111.6	217.011	217.011	601.425	337.666	331.452	894.13	383.77	362.497	883.239	6	23	234	8	21	25	232	236	5	11	657	386	85.0499	0.957528	1	1	-1
4517.86	23385.5	5360.22	498.949	202.53	18526	213.212	213.212	590.764	329.83	327.456	890.558	357.855	345.532	860.223	6	29	147	19	27	31	145	149	16	22	654	391	84.7226	0.953844	1	1	-1
7420.94	15099.7	5912.62	501.058	199.308	20031	216.704	216.704	597.221	336.584	335.978	877.195	380.94	379.719	812.617	7	47	95	21	45	49	93	97	18	24	632	363	87.3139	0.983018	1	1	-1
7605.76	35892.4	2368.25	503.267	197.511	20885.2	217.322	217.322	599.306	343.767	334.398	893.261	405.758	372.435	868.245	7	48	225	9	46	50	223	227	6	12	633	372	88.326	0.994413	1	1	-1
8923.5	5219.58	4717.59	494.945	202.962	19822.5	215.436	215.436	581.025	309.248	303.947	879.705	283.5	259.581	817.59	6	57	34	17	55	59	32	36	14	20	645	374	85.3618	0.96104	1	1	-1
8894.41	31195.4	4887.01	505.576	203.096	24561	212.938	212.938	580.169	302.181	318.349	844.845	254.409	315.444	687.012	7	57	196	18	55	59	194	198	15	21	665	384	88.1848	0.992822	1	1	-1
8894.42	39146.2	5337.48	496.917	199.977	21491.2	217.265	217.265	585.916	302.154	305.532	884.063	254.419	266.187	837.484	7	57	246	19	55	59	244	248	16	22	641	376	86.3578	0.972253	1	1	-1
10020.2	33322.1	6945.26	510.364	200.86	20183.6	214.774	214.774	583.613	303.58	331.429	911.13	260.178	362.093	945.264	6	64	209	24	62	66	207	211	21	27	659	392	87.7489	0.987915	1	1	-1
11579.7	26151.6	6731.19	485.958	199.496	24676.5	216.609	216.609	601.731	335.894	339.119	933.945	379.718	391.568	1031.19	7	73	164	23	71	75	162	166	20	26	620	356	85.6517	0.964304	1	1	-1
12325.2	14503.8	3634.55	495.486	203.661	22653.6	213.879	213.879	587.834	321.065	305.253	907.628	325.167	263.788	934.552	6	78	92	13	76	80	90	94	10	16	667	394	84.4887	0.951211	1	1	-1
17180.3	30904	5647.65	506.838	203.631	18807.5	211.479	211.479	581.737	336.291	326.307	885.92	380.259	343.95	847.646	6	108	194	20	106	110	192	196	17	23	649	389	86.3897	0.972613	1	1	-1
17497.2	6830.32	7136.16	487.159	197.461	25104.5	222.279	222.279	594.718	335.703	306.264	882.598	377.16	270.32	836.16	7	110	44	25	108	112	42	46	22	28	649	380	84.8694	0.955496	1	1	-1
18821.4	22682.8	3845.75	499.141	201.542	20903.3	213.388	213.388	591.366	303.802	310.154	886.537	261.363	282.836	845.746	6	119	143	14	117	121	141	145	11	17	641	378	85.6238	0.96399	1	1	-1
20229.1	30223.1	1928.22	507.849	206.951	22087.3	207.491	207.491	581.4	339.335	316.062	932.694	389.09	303.131	1028.22	7	127	190	7	125	129	188	192	4	10	660	386	87.1484	0.981154	1	1	-1
21100	5990.84	7032.69	500.509	195.603	20032.4	218.345	218.345	600.954	314.158	339.808	935.01	299.958	390.841	1032.69	7	133	38	24	131	135	36	40	21	27	624	368	87.0919	0.980519	1	1	-1
22406.2	14694.7	5404.23	506.042	196.815	20261.7	216.898	216.898	600.061	322.007	312.843	901.274	326.248	294.71	904.234	6	141	93	19	139	143	91	95	16	22	673	407	85.4808	0.96238	1	1	-1
22858.9	1214.27	7159.89	502.975	202.113	21864.3	212.996	212.996	589.108	313.842	302.424	888.787	298.895	254.267	859.89	6	144	9	25	142	146	7	11	22	28	645	378	86.1971	0.970445	1	1	-1
23740.3	20772.2	5068.87	505.571	198.425	20679.1	214.393	214.393	595.815	336.583	311.952	891.439	380.254	292.167	868.873	6	149	131	18	147	151	129	133	15	21	655	389	86.4865	0.973702	1	1	-1
24854.8	39863.6	1701.5	502.612	201.997	24509.7	213.154	213.154	590.048	335.179	327.091	874.619	374.845	343.598	801.502	6	156	250	7	154	158	248	252	4	10	686	403	86.0974	0.969322	1	1	-1
25616.6	1768.17	2597.71	503.721	194.564	18444	220.832	220.832	595.799	325.096	322.459	871.898	336.588	328.165	797.714	6	161	12	10	159	163	10	14	7	13	659	394	85.7913	0.965876	1	1	-1
27991.4	11943.7	3651.76	500.382	200.006	22593.7	213.19	213.19	603.971	317.415	304.107	913.915	311.436	263.709	951.76	6	176	76	13	174	178	74	78	10	16	634	380	85.3887	0.961343	1	1	-1
28755.9	22603.4	7339.57	499.94	202.282	21609.7	212.49	212.49	591.923	307.592	331.953	859.199	275.929	363.409	739.571	7	181	142	26	179	183	140	144	23	29	655	383	86.4868	0.973706	1	1	-1
29908.4	35181	4585.9	487.36	192.66	25395.6	223.318	223.318	615.17	316.819	314.73	844.84	308.371	301.031	685.897	7	188	221	17	186	190	219	223	14	20	656	380	85.0469	0.957495	1	1	-1
30071	29069.5	5853.23	500.113	199.092	23584.5	215.174	215.174	597.885	317.434	306.395	939.759	311.04	269.533	1053.23	7	189	183	20	187	191	181	185	17	23	654	379	86.1221	0.9696	1	1	-1
31844.8	2662.69	2713.44	504.248	204.089	23348.4	210.56	210.56	578.392	321.371	304.685	903.981	324.808	262.692	913.435	6	200	18	10	198	202	16	20	7	13	671	395	85.4409	0.961931	1	1	-1
39235.5	26189.3	6844.7	506.382	204.533	17132.5	209.464	209.464	585.422	330.119	306.406	885.788	355.544	269.292	844.7	6	246	165	24	244	248	163	167	21	27	672	397	86.2167	0.970665	1	1	-1
39549	27398	3820.02	479.964	197.49	21046.7	223.191	223.191	599.13	327.553	330.422	879.031	348.968	357.987	820.017	6	248	172	14	246	250	170	174	11	17	638	375	82.889	0.933201	1	1	-1
SPOTS_END
