FISH-QUANT	v3a
File-version	3D_v1
RESULTS OF SPOT DETECTION PERFORMED ON 24-Sep-2021 
COMMENT	
IMG_Raw	Poiss_300spots_bg_200_0_I_10000_0_img1.tif
IMG_Filtered	
IMG_DAPI	
IMG_TS_label	
FILE_settings	Poiss_300spots_bg_200_0_I_10000_0_img1__settings_MATURE.txt
PARAMETERS
Pix-XY	Pix-Z	RI	Ex	Em	NA	Type
160	300	1.33	547	583	1.4	widefield
CELL_START	EntireImage
X_POS	1	1	256	256	
Y_POS	1	256	256	1	
Z_POS	
CELL_END
SPOTS_START
Pos_Y	Pos_X	Pos_Z	AMP	BGD	RES	SigmaX	SigmaY	SigmaZ	Cent_Y	Cent_X	Cent_Z	MuY	MuX	MuZ	ITERY_det	Y_det	X_det	Z_det	Y_min	Y_max	X_min	X_max	Z_min	Z_max	INT_raw	INT_filt	SC_det	SC_det_norm	TH_det	TH_fit	IN_nuc
740.032	14419.9	5500.63	495.977	198.564	22243.1	218.58	218.58	592.501	304.119	325.694	925.196	260.032	339.909	1000.63	7	6	91	19	4	8	89	93	16	22	658	163.047	41.9453	0.547429	1	1	-1
952.258	8734.12	2693.9	495.967	201.515	18736.6	213.942	213.942	591.598	317.239	301.981	899.038	312.258	254.12	893.898	6	7	56	10	5	9	54	58	7	13	646	166.045	42.2404	0.551281	1	1	-1
1171.49	9564.26	7221.03	496.904	199.411	18117.4	215.65	215.65	601.337	334.326	309.95	906.007	371.486	284.263	921.029	6	8	61	25	6	10	59	63	22	28	662	167.762	42.5494	0.555313	1	1	-1
1121.78	34392.1	3459.85	484.534	195.625	24130.1	221.864	221.864	612.313	320.364	317.962	863.142	321.775	312.117	759.852	6	8	216	13	6	10	214	218	10	16	649	166.426	40.626	0.53021	1	1	-1
1327.39	30655.8	6135.45	504.344	197.279	22558.2	218.009	218.009	588.805	333.156	302.42	936.349	367.39	255.846	1035.45	7	9	193	21	7	11	191	195	18	24	625	156.357	42.7567	0.558019	1	1	-1
1523.77	16444	6673.6	474.685	193.534	281087	248.955	248.955	663.267	342.229	309.952	839.663	403.769	283.98	673.603	9	10	104	24	8	12	102	106	21	27	649	159.832	39.7611	0.518923	1	1	-1
1438.26	25760.6	2246.37	502.03	199.783	18988	214.91	214.91	593.488	319.047	320.972	859.07	318.255	320.586	746.366	6	10	162	9	8	12	160	164	6	12	675	174.384	42.348	0.552685	1	1	-1
1593	3575.65	2540.18	496.662	199.691	23581.7	214.361	214.361	600.842	317.659	335.264	858.78	313.004	375.651	740.181	7	11	23	10	9	13	21	25	7	13	651	167.125	42.2963	0.552011	1	1	-1
1618.08	18555.4	6885.91	493.747	198.296	27199.6	217.483	217.483	601.949	324.743	318.297	898.199	338.083	315.41	885.906	6	11	117	24	9	13	115	119	21	27	679	171.089	41.6661	0.543785	1	1	-1
1886.18	16246.1	6080.75	467.562	183.956	547329	269.786	269.786	701.82	309.96	344.565	925.862	286.183	406.135	980.752	10	13	102	21	11	15	100	104	18	24	670	156.13	42.538	0.555165	1	1	-1
1906.36	17612.7	4932.21	502.676	203.247	23440.8	211.075	211.075	593.562	316.129	323.394	933.69	306.361	332.672	1032.21	6	13	111	17	11	15	109	113	14	20	668	177.936	42.7308	0.557681	1	1	-1
2218.1	6256.96	5933.78	483.324	194.214	23798.8	224.528	224.528	616.24	314.485	323.97	881.681	298.102	336.965	833.784	6	15	40	21	13	17	38	42	18	24	662	161.815	42.5114	0.554818	1	1	-1
2320.62	19749.3	4192.63	517.093	201.148	20900.8	210.886	210.886	585.813	297.885	339.336	897.697	240.621	389.326	892.63	7	16	124	15	14	18	122	126	12	18	650	159.72	44.716	0.583589	1	1	-1
2350.91	24772.4	4002.03	498.215	200.682	22216	217.25	217.25	591.14	306.454	312.711	926.857	270.913	292.429	1002.03	6	16	156	14	14	18	154	158	11	17	650	165.991	41.9561	0.54757	1	1	-1
2595.23	15176.3	1863.46	498.771	196.575	20078.7	216.815	216.815	606.361	330.049	313.552	917.383	355.231	296.343	963.465	6	17	96	7	15	19	94	98	4	10	660	171.456	42.48	0.554407	1	1	-1
2496.31	22421.5	4827.55	510.334	200.595	24287.1	214.012	214.012	582.928	302.977	326.031	908.278	256.313	341.504	927.547	6	17	141	17	15	19	139	143	14	20	640	167.117	43.1389	0.563007	1	1	-1
2499.31	28981	6239.91	474.312	191.865	412856	243.374	243.374	796.503	302.991	326.577	958.046	259.309	340.981	1139.91	10	17	182	21	15	19	180	184	18	24	651	159.44	46.0615	0.60115	1	1	-1
2571.84	29217	7100.21	472.685	195.855	505156	239.228	239.228	824.584	322.704	300.667	875.033	331.836	257.021	800.211	10	17	184	25	15	19	182	186	22	28	679	176.669	48.0824	0.627524	1	1	-1
2496.91	35946.3	2435.78	490.885	201.718	22507.7	216.596	216.596	591.466	303.017	305.861	909.231	256.913	266.299	935.779	6	17	226	9	15	19	224	228	6	12	640	156.828	41.6563	0.543657	1	1	-1
2752.43	14244.7	7139.83	497.287	198.661	23597.2	217.472	217.472	587.336	328.591	321.521	882.932	352.432	324.689	839.826	6	18	90	25	16	20	88	92	22	28	678	170.386	41.661	0.543719	1	1	-1
3120.12	6114.86	5356.33	496.826	209.136	26866.6	211.24	211.24	580.948	340.337	329.39	890.479	400.119	354.859	856.333	6	20	39	19	18	22	37	41	16	22	654	159.049	45.8767	0.598739	1	1	-1
3130.65	26917.8	5965.12	892.684	201.297	94521.3	222.409	222.409	622.68	293.416	333.417	887.074	250.65	357.793	865.115	7	21	169	21	19	23	167	171	18	24	995	289.285	76.6223	1	1	1	-1
3242.26	37193	2170.48	489.259	195.822	18696.8	223.321	223.321	603.949	332.05	296.386	918.523	362.256	233.017	970.483	7	21	234	8	19	23	232	236	5	11	616	152.746	41.9031	0.546878	1	1	-1
3577.73	31074.5	3529.82	480.833	208.481	50851.5	218.995	218.995	580.747	337.224	326.975	880.012	377.732	354.475	829.818	7	23	195	13	21	25	193	197	10	16	632	160.065	45.9171	0.599266	1	1	-1
3614.32	16834.7	1864.82	504.728	199.478	22068.7	216.308	216.308	588.184	301.907	329.49	918.659	254.322	354.653	964.825	6	24	106	7	22	26	104	108	4	10	645	164.625	42.7293	0.557661	1	1	-1
3767.48	30221.5	3397.53	848.86	204.515	95901.5	230.635	230.635	599.603	294.018	314.276	937.078	247.483	301.528	997.529	7	25	190	12	23	27	188	192	9	15	962	266.523	71.7414	0.9363	1	1	-1
3869.1	36678.3	6712.43	502.099	202.349	20092	214.26	214.26	582.144	328.114	330.458	929.815	349.097	358.317	1012.43	6	25	230	23	23	27	228	232	20	26	664	169.628	42.0928	0.549354	1	1	-1
4185.13	15087.5	7507.39	485.598	198.331	23664.7	218.481	218.481	606.775	326.366	332.89	900.167	345.128	367.524	907.39	6	27	95	26	25	29	93	97	23	29	664	163.579	41.2315	0.538113	1	1	-1
4278.63	5813.51	2087.31	509.322	201.319	19434	213.752	213.752	581.067	308.215	334.922	895.981	278.627	373.514	887.315	6	28	37	8	26	30	35	39	5	11	664	172.79	42.9841	0.560986	1	1	-1
4321.46	33630.9	6769.58	496.493	196.948	20150.8	218.013	218.013	602.654	320.364	328.473	865.991	321.461	350.884	769.577	6	28	211	24	26	30	209	213	21	27	687	169.992	41.7433	0.544793	1	1	-1
4332.5	39783.3	5527.45	492.115	199.702	17937.5	217.101	217.101	602.145	323.36	304.517	933.234	332.496	263.302	1027.45	6	28	250	19	26	30	248	252	16	22	646	164.365	41.6389	0.543431	1	1	-1
4455.46	13109.9	6213.13	497.352	200.14	19901.4	215.593	215.593	600.425	313.34	316.833	877.775	295.46	309.935	813.132	6	29	83	22	27	31	81	85	19	25	663	174.076	42.1859	0.550569	1	1	-1
4552.55	20955.4	5711.31	500.987	201.798	23013.5	213.508	213.508	591.622	340.112	319.116	903.635	392.55	315.386	911.308	6	29	132	20	27	31	130	134	17	23	652	168.385	42.8537	0.559285	1	1	-1
4606.02	18683.4	6323.72	499.196	200.155	18212.6	215.685	215.685	593.822	310.76	310.006	907.436	286.018	283.419	923.725	6	30	118	22	28	32	116	120	19	25	662	169.933	42.1137	0.549627	1	1	-1
4961.81	7900.77	3415.97	503.061	201.707	19353.4	211.979	211.979	597.506	320.746	337.332	931.114	321.809	380.768	1015.97	7	32	50	12	30	34	48	52	9	15	672	171.487	43.2091	0.563923	1	1	-1
5125.82	30310.6	4058.64	495.67	200.534	18100.4	218.097	218.097	593.86	322.008	339.094	863.36	325.816	390.644	758.641	7	33	190	15	31	35	188	192	12	18	642	161.226	42.0858	0.549263	1	1	-1
5095.85	36193.8	3213.21	498.846	194.169	19627.9	220.217	220.217	616.434	312.963	329.537	877.311	295.853	353.805	813.211	6	33	227	12	31	35	225	229	9	15	645	167.956	42.653	0.556666	1	1	-1
5282.6	9073.23	3032.49	492.818	196.498	21199	219.362	219.362	607.536	320.873	307.07	908.395	322.597	273.23	932.492	6	34	58	11	32	36	56	60	8	14	632	164.482	41.8769	0.546536	1	1	-1
6179.41	7664.37	2715.94	499.669	198.939	24838.4	215.597	215.597	598.216	303.211	315.902	904.708	259.405	304.373	915.94	6	40	49	10	38	42	47	51	7	13	671	171.59	42.4832	0.55445	1	1	-1
6430.09	34411.9	7120.34	479.99	208.832	99998.5	220.991	220.991	591.478	330.068	325.656	873.973	350.094	331.942	820.34	7	41	216	25	39	43	214	218	22	28	662	165.719	40.2385	0.525153	1	1	-1
6517.55	36146.5	4710.94	517.762	197.209	76227.1	234.16	234.16	595.805	350.959	316.616	876.358	437.549	306.499	810.937	7	41	227	17	39	43	225	229	14	20	677	153.81	40.3754	0.52694	1	1	-1
6376.71	39006	4683.65	507.957	200.043	21692.1	212.378	212.378	608.555	313.091	309.965	869.863	296.711	286.007	783.648	6	41	245	17	39	43	243	247	14	20	669	176.48	43.7094	0.570453	1	1	-1
6818.27	18936.7	6539.5	497.643	184.848	284675	252.054	252.054	687.944	302.618	335.682	966.894	258.275	376.652	1139.5	9	44	119	22	42	46	117	121	19	25	652	162.005	43.0928	0.562406	1	1	-1
6841.12	19314.2	7133.44	470.513	189.887	512930	262.964	262.964	706.432	308.3	306.524	876.847	281.12	274.172	833.439	10	44	122	25	42	46	120	124	22	28	665	160.777	42.786	0.558402	1	1	-1
6909.35	23548	4417.44	502.284	198.866	21763.3	217.136	217.136	590.176	328.063	327.736	877.657	349.348	347.991	817.44	6	44	148	16	42	46	146	150	13	19	641	171.769	42.2432	0.551318	1	1	-1
6897.54	34887.2	5942.58	492.337	236.285	176123	196.279	196.279	538.2	319.643	317.061	897.799	337.544	327.161	842.579	7	44	219	21	42	46	217	221	18	24	672	170.453	42.3143	0.552245	1	1	-1
6981.38	36086.4	4379.39	490.519	184.004	214108	266.573	266.573	645.601	304.247	300.602	952.89	261.377	246.361	1079.39	8	45	227	15	43	47	225	229	12	18	662	143.751	40.0958	0.523292	1	1	-1
7262.15	1027.2	3808.38	505.075	200.771	20292.7	214.036	214.036	583.007	336.588	338.191	875.166	382.151	387.202	808.379	7	46	7	14	44	48	5	9	11	17	624	154.175	43.0213	0.561472	1	1	-1
7132.08	3213.02	5123.63	481.97	196.727	15774.1	222.237	222.237	601.031	301.893	323.107	906.187	252.081	333.023	923.627	6	46	21	18	44	48	19	23	15	21	634	156.411	40.5874	0.529707	1	1	-1
7216.08	26884.5	3656.84	484.385	195.421	17126.4	222.441	222.441	608.693	324.341	320.629	913.445	336.075	324.5	956.836	6	46	169	13	44	48	167	171	10	16	621	165.201	40.4669	0.528134	1	1	-1
7537.36	10607.4	4481.34	498.898	197.138	21713.6	215.744	215.744	607.098	324.402	333.106	894.64	337.356	367.356	881.34	6	48	67	16	46	50	65	69	13	19	632	168.434	42.5998	0.555972	1	1	-1
7519.97	14525.8	3149.34	511.54	204.516	23572.4	208.378	208.378	585.045	320.019	310.132	859.212	319.966	285.788	749.338	7	48	92	12	46	50	90	94	9	15	683	182.403	43.4869	0.567548	1	1	-1
7489.25	30733.8	4281.29	506.734	204.631	20477.1	210.37	210.37	581.044	311.498	323.838	920.045	289.25	333.811	981.294	6	48	193	15	46	50	191	195	12	18	679	176.492	42.6513	0.556644	1	1	-1
7629.68	25229.5	5192.82	513.868	203.713	22629.1	208.939	208.939	576.666	306.099	306.166	925.179	269.684	269.482	992.821	6	49	159	18	47	51	157	161	15	21	676	171.751	43.6423	0.569576	1	1	-1
7710.16	38264.6	6728.42	509.034	200.266	20928.8	213.329	213.329	584.89	328.639	327.062	934.849	350.161	344.635	1028.42	6	49	240	23	47	51	238	242	20	26	673	173.229	42.862	0.559393	1	1	-1
7853.88	5126.95	2793.23	491.423	202.05	17866.2	214.395	214.395	585.382	323.642	321.969	923.703	333.877	326.947	993.229	6	50	33	10	48	52	31	35	7	13	664	171.16	41.1651	0.537247	1	1	-1
8030.94	9992.31	1947	490.66	194.274	24665.8	222.766	222.766	617.296	328.862	339.534	861.054	350.936	392.315	747.005	7	51	63	8	49	53	61	65	5	11	620	153.16	41.9927	0.548047	1	1	-1
7940.18	33232	5609.93	482.606	195.55	21316	221.787	221.787	614.135	303.584	307.232	876.311	260.184	271.979	809.933	6	51	209	20	49	53	207	211	17	23	627	151.634	41.4428	0.540871	1	1	-1
7990.44	35465.4	1729.61	489.107	200.828	19638.5	217.161	217.161	597.17	317.542	305.102	882.117	310.435	265.429	829.612	6	51	223	7	49	53	221	225	4	10	660	167.241	41.3185	0.539249	1	1	-1
8799.21	11451.6	5527.28	493.687	200.291	22814.4	217.171	217.171	598.039	319.994	301.655	933.339	319.214	251.622	1027.28	6	56	73	19	54	58	71	75	16	22	650	159.198	41.9479	0.547463	1	1	-1
8760.66	14449.2	5348.81	485.018	197.288	18393	220.622	220.622	605.616	309.414	333.111	886.534	280.657	369.223	848.809	6	56	91	19	54	58	89	93	16	22	626	156.798	41.1259	0.536735	1	1	-1
8964.73	32450.5	6731.63	846.012	199.014	81310	219.247	219.247	694.738	322.157	309.704	848.978	324.73	290.548	731.63	7	57	204	24	55	59	202	206	21	27	1003	295.21	76.0136	0.992056	1	1	-1
9290.13	9336.88	7107.59	498.024	200.156	20838.6	215.316	215.316	586.801	322.725	335.38	874.781	330.134	376.884	807.587	6	59	59	25	57	61	57	61	22	28	632	165.972	42.0154	0.548344	1	1	-1
9217.6	18454.1	4746.39	502.941	201.399	25376.8	215.246	215.246	583.285	303.503	334.69	884.936	257.599	374.114	846.389	6	59	116	17	57	61	114	118	14	20	648	160.14	42.5401	0.555193	1	1	-1
9291.18	20890.6	5697.76	493.641	199.964	21723.4	215.13	215.13	597.386	323.304	301.031	898.565	331.18	250.585	897.762	6	59	132	20	57	61	130	134	17	23	663	163.48	42.0637	0.548974	1	1	-1
9427.9	6142.77	3220.23	488.326	203.756	21182.3	216.791	216.791	601.179	317.346	336.434	877.952	307.902	382.765	820.231	6	60	39	12	58	62	37	41	9	15	616	160.542	44.0755	0.575231	1	1	-1
9431.7	32891.3	4373.84	494.564	202.158	23498.3	215.725	215.725	593.176	317.025	301.152	867.61	311.698	251.308	773.843	7	60	207	16	58	62	205	209	13	19	642	158.936	42.0137	0.548322	1	1	-1
9633.87	5240.92	2438.88	485.966	202.055	21424.5	216.53	216.53	596.259	329.246	310.29	911.536	353.871	280.918	938.883	6	61	34	9	59	63	32	36	6	12	654	165.661	43.1839	0.563594	1	1	-1
9676.99	23309.9	5101.77	491.561	202.498	18772.9	214.497	214.497	590.334	341.011	306.62	898.493	396.988	269.938	901.771	7	61	147	18	59	63	145	149	15	21	608	155.219	42.1213	0.549727	1	1	-1
9657.66	30091.5	4125.99	486.949	199.002	18761.2	218.737	218.737	599.678	335.162	322.83	880.512	377.658	331.451	825.993	6	61	189	15	59	63	187	191	12	18	659	161.185	41.2167	0.53792	1	1	-1
9602.14	37196.1	7240.18	502.929	203.59	24799.7	212.263	212.263	581.329	320.373	340.524	909.989	322.142	396.144	940.18	6	61	233	25	59	63	231	235	22	28	686	167.72	42.6566	0.556712	1	1	-1
9850.43	16966.3	5805.68	500.304	198.069	21937.7	216.249	216.249	600.86	300.648	321.895	929.585	250.429	326.292	1005.68	7	63	107	20	61	65	105	109	17	23	652	165.659	42.9864	0.561017	1	1	-1
9950.68	32036.3	6552.86	506.808	199.641	21268.9	215.133	215.133	597.445	328.533	330.389	888.02	350.68	356.259	852.858	6	63	201	23	61	65	199	203	20	26	636	175.608	45.0303	0.587692	1	1	-1
10280.1	35154.5	3163.51	506.249	202.371	16762.7	213.353	213.353	589.224	331.17	307.743	864.031	360.072	274.508	763.513	7	65	221	12	63	67	219	223	9	15	662	169.023	42.7991	0.558572	1	1	-1
10362	4523.39	5583.03	488.578	193.15	17117.8	221.136	221.136	614.409	309.436	332.552	869.047	281.984	363.391	783.033	7	66	29	20	64	68	27	31	17	23	629	163.207	41.5621	0.542428	1	1	-1
10529.5	15735.8	6174.98	504.536	198.439	19402.3	214.121	214.121	602.024	311.713	334.82	866.916	289.54	375.796	774.976	7	67	99	22	65	69	97	101	19	25	650	165.541	43.1692	0.563402	1	1	-1
10860.9	27246.1	6663.76	494.636	198.164	20596.3	215.724	215.724	600.369	315.031	332.415	916.415	300.931	366.095	963.759	6	69	171	23	67	71	169	173	20	26	699	166.652	42.2877	0.551898	1	1	-1
11081.3	9335.33	7142.19	509.851	200.846	21490.9	213.715	213.715	579.693	331.659	335.556	883.276	361.286	375.33	842.19	7	70	59	25	68	72	57	61	22	28	649	171.255	43.3429	0.565669	1	1	-1
10960.8	18653.1	6732.82	501.855	199.372	20164.5	214.656	214.656	603.858	298.641	301.911	856.36	240.773	253.145	732.818	7	70	118	24	68	72	116	120	21	27	627	151.534	43.6448	0.569609	1	1	-1
11211.5	12754.9	4419.16	488.155	225.077	66535.7	202.252	202.252	554.99	323.557	312.107	887.346	331.464	274.886	819.164	7	71	81	16	69	73	79	83	13	19	642	163.517	42.9248	0.560212	1	1	-1
11230	13406.4	6002.99	480.49	200.543	36391.1	218.217	218.217	620.366	328.046	309.369	898.598	350.035	286.445	902.989	7	71	85	21	69	73	83	87	18	24	629	165.095	41.6063	0.543005	1	1	-1
11534	33091.1	2824.51	493.101	198.144	23201.4	217.791	217.791	601.264	323.528	311.752	932.229	334.002	291.146	1024.51	6	73	208	10	71	75	206	210	7	13	661	167.326	41.5844	0.542718	1	1	-1
11585	37010	6164.49	502.361	202.446	25512.1	213.407	213.407	582.832	337.707	333.431	943.458	384.966	370.037	1064.49	7	73	232	21	71	75	230	234	18	24	648	159.171	42.6893	0.557139	1	1	-1
11730.5	13582.1	3329.06	499.007	205.484	17158.2	212.964	212.964	572.66	333.333	314.831	907.991	370.521	302.092	929.061	6	74	86	12	72	76	84	88	9	15	646	169.98	42.6508	0.556636	1	1	-1
11798.6	16701.5	7046.05	497.863	203.822	20583.9	213.362	213.362	593.913	308.836	335.654	937.905	278.578	381.486	1046.05	7	75	105	24	73	77	103	107	21	27	630	158.402	42.3966	0.553319	1	1	-1
11933.6	11116.1	6498.48	504.777	201.97	15931.3	212.425	212.425	587.243	302.111	297.328	874.398	253.623	236.125	798.482	7	76	71	23	74	78	69	73	20	26	630	151.923	43.5148	0.567912	1	1	-1
11953.9	27582.1	5859	488.651	197.114	19684.4	220.024	220.024	610.414	307.469	336.557	941.264	273.916	382.058	1059	7	76	173	20	74	78	171	175	17	23	603	152.332	41.814	0.545716	1	1	-1
12373.2	28492.1	2125.34	490.916	201.371	23163.7	214.785	214.785	600.746	334.779	323.957	905.794	373.198	332.076	925.341	6	78	179	8	76	80	177	181	5	11	681	169.2	41.764	0.545064	1	1	-1
12412.8	2079.5	3174.12	476.677	209.979	23313.3	212.714	212.714	588.691	303.251	320.654	941.012	252.791	319.5	1074.12	7	79	14	11	77	81	12	16	8	14	647	155.747	42.1575	0.550199	1	1	-1
12565.4	16298.7	1531.29	502.595	200.138	19878.9	215.402	215.402	598.5	299.231	314.366	907.273	245.409	298.715	931.288	6	80	103	6	78	82	101	105	3	9	635	162.697	42.9975	0.561161	1	1	-1
12822.5	2868.94	2026.37	490.975	204.061	27023	214.947	214.947	592.038	325.642	316.271	882.248	342.526	308.945	826.375	6	81	19	8	79	83	17	21	5	11	641	172.085	42.2531	0.551447	1	1	-1
12885.5	18739.3	5989.29	496.075	200.403	20159.2	214.834	214.834	589.372	299.535	324.904	897.171	245.471	339.291	889.293	6	82	118	21	80	84	116	120	18	24	635	160.735	42.114	0.549632	1	1	-1
13494.2	23113	4665.41	496.043	201.18	14339.5	216.357	216.357	599.398	334.326	339.995	866.301	374.231	393.016	765.407	7	85	145	17	83	87	143	147	14	20	640	153.572	42.5202	0.554933	1	1	-1
13715.2	32128.4	4150.9	491.79	201.676	26480.3	215.113	215.113	602.359	307.463	312.019	886.267	275.243	288.434	850.902	6	87	202	15	85	89	200	204	12	18	658	169.828	41.9239	0.54715	1	1	-1
14096.9	36751.3	2381.08	492.063	209.314	25635.2	210.314	210.314	587.783	325.102	307.412	896.93	336.865	271.268	881.084	6	89	231	9	87	91	229	233	6	12	656	171.565	42.0822	0.549215	1	1	-1
14165.4	10699.9	4039.06	488.602	210.288	31492.8	213.376	213.376	571.367	301.796	315.397	938.053	245.367	299.888	1039.06	7	90	68	14	88	92	66	70	11	17	629	155.356	44.8667	0.585557	1	1	-1
14527.8	1243.48	4243.96	499.761	197.421	15460.9	217.734	217.734	596.589	310.917	309.979	912.036	287.846	283.484	943.963	6	92	9	15	90	94	7	11	12	18	650	170.705	42.027	0.548496	1	1	-1
14554.2	25580.2	3865.99	513.28	205.053	21703.1	208.233	208.233	575.144	318.908	314.796	891.454	314.181	300.16	865.994	6	92	161	14	90	94	159	163	11	17	699	183.973	43.206	0.563883	1	1	-1
14553.2	37386.5	4128.18	488.967	208.077	25401.7	211.304	211.304	575.095	317.772	305.938	880.651	313.217	266.541	828.18	6	92	235	15	90	94	233	237	12	18	663	167.287	41.0768	0.536094	1	1	-1
14953.4	3001.11	3805.25	498.21	200.364	18257.9	212.849	212.849	596.076	340.103	309.642	874.429	393.384	281.105	805.253	7	94	20	14	92	96	18	22	11	17	621	161.033	42.786	0.558401	1	1	-1
15045.3	10814.7	4449.49	492.046	203.791	19299.1	217.208	217.208	575.479	321.194	302.221	885.463	325.316	254.743	849.486	6	95	69	16	93	97	67	71	13	19	657	164.29	42.5898	0.55584	1	1	-1
15244.8	16501.6	2537.19	504.003	205.729	19148.9	210.953	210.953	575.338	332.141	325.777	858.297	364.828	341.639	737.185	7	96	104	10	94	98	102	106	7	13	656	169.196	42.233	0.551184	1	1	-1
15164.4	27553.9	2618.91	497.253	196.67	26745.4	218.572	218.572	601.48	309.893	329.332	878.809	284.375	353.888	818.909	6	96	173	10	94	98	171	175	7	13	664	170.863	42.0468	0.548754	1	1	-1
15634.3	13270.8	4050.87	472.293	193.812	264428	248.485	248.485	660.594	350.968	316.653	858.124	434.274	310.825	750.867	9	98	84	15	96	100	82	86	12	18	646	147.297	40.0472	0.522657	1	1	-1
15576.5	29131.9	3919.58	479.244	222.609	272888	211.082	211.082	602.252	339.128	318.722	917.611	376.488	331.902	919.576	9	98	183	14	96	100	181	185	11	17	652	170.538	43.2197	0.564061	1	1	-1
15745.8	6236.61	2615.9	491.723	193.522	27307.7	222.479	222.479	606.787	337.994	319.59	878.369	385.767	316.611	815.901	7	99	40	10	97	101	38	42	7	13	631	160.029	41.69	0.544098	1	1	-1
15629.7	14167.3	1600.55	500.335	200.288	19679.4	215.796	215.796	588.19	306.509	300.404	927.131	269.688	247.259	1000.55	7	99	90	6	97	101	88	92	3	9	647	157.399	43.798	0.571609	1	1	-1
15624.2	15304.5	1705.89	480.134	226.122	112655	198.57	198.57	616.875	308.059	303.532	888.999	264.221	264.511	805.893	8	99	97	7	97	101	95	99	4	10	642	159.288	43.9397	0.573459	1	1	-1
15796	28685.8	5211.88	480.266	199.648	94842.6	228.055	228.055	635.077	307.026	333.329	848.721	275.978	365.756	711.879	8	100	180	19	98	102	178	182	16	22	652	163.351	40.6562	0.530605	1	1	-1
15978.2	12986.8	3411.26	433.52	210.122	637540	258.948	258.948	641.253	311.669	329.853	937.44	298.232	346.769	1011.26	13	101	82	12	99	103	80	84	9	15	678	152.783	40.4542	0.527968	1	1	-1
15971.5	15208	3495.65	498.944	206.507	48741.4	213.393	213.393	605.841	310.685	322.716	869.415	291.495	328.028	795.647	7	101	96	13	99	103	94	98	10	16	665	179.106	42.7728	0.558229	1	1	-1
15960.7	36662	7014.07	498.131	194.294	20313.6	221.326	221.326	605.764	309.127	326.745	931.21	280.669	341.961	1014.07	6	101	230	24	99	103	228	232	21	27	647	168.308	42.0244	0.548461	1	1	-1
16160.9	18332.8	4716.09	497.328	204.443	21554.1	214.263	214.263	581.91	320.23	301.889	878.47	320.92	252.785	816.091	6	102	116	17	100	104	114	118	14	20	652	161.699	41.8497	0.546181	1	1	-1
16240.1	30094.2	6231.04	499.842	197.998	30506.2	218.066	218.066	595.919	298.414	324.21	882.488	240.139	334.2	831.037	6	103	189	22	101	105	187	191	19	25	647	159.548	42.9813	0.56095	1	1	-1
16365.2	38034.4	4511.78	504.427	202.388	19833.8	213.363	213.363	581.598	332.271	307.596	903.527	365.246	274.443	911.777	6	103	239	16	101	105	237	241	13	19	661	167.792	42.5168	0.554888	1	1	-1
16477.5	8078.01	5196.44	507.22	200.599	22254.6	212.801	212.801	588.327	319.475	341.152	925.728	317.519	398.015	996.441	6	104	51	18	102	106	49	53	15	21	663	165.843	43.3432	0.565673	1	1	-1
16587.4	5281.64	3569.92	519.383	204.019	20309.2	208.3	208.3	567.132	305.496	320.521	890.848	267.352	321.643	869.918	6	105	34	13	103	107	32	36	10	16	705	181.516	43.7173	0.570556	1	1	-1
16998.6	25957.8	4718.75	499.392	201.877	14731	213.752	213.752	597.109	330.429	330.446	880.091	358.578	357.765	818.746	6	107	163	17	105	109	161	165	14	20	658	169.24	42.4581	0.554121	1	1	-1
16954	31082.5	5481.2	497.777	201.121	20803.2	214.562	214.562	590.782	318.294	331.461	920.229	313.956	362.528	981.196	6	107	195	19	105	109	193	197	16	22	649	168.977	42.33	0.55245	1	1	-1
16874.2	31935.8	2521.4	494.392	199.223	19405.5	218.975	218.975	589.913	297.505	302.55	931.644	234.234	255.777	1021.4	7	107	201	9	105	109	199	203	6	12	633	149.546	42.441	0.553898	1	1	-1
17402.8	14885.7	2704.05	492.178	198.641	21544.7	221.036	221.036	592.358	309.566	321.83	900.874	282.801	325.735	904.054	6	110	94	10	108	112	92	96	7	13	616	167.966	40.8953	0.533725	1	1	-1
17445.3	24396.9	2143	500.405	200.947	19553.1	216.914	216.914	587.477	321.731	341.16	911.691	325.302	396.896	942.996	6	110	153	8	108	112	151	155	5	11	686	166.754	42.3634	0.552885	1	1	-1
17622.1	2207.7	4192.78	497.651	200.623	26120.3	215.703	215.703	596.441	326.352	310.986	896.434	342.138	287.699	892.783	6	111	15	15	109	113	13	17	12	18	699	170.891	42.0168	0.548362	1	1	-1
17620.2	17483.2	5697.11	470.514	192.182	264212	255.605	255.605	644.532	326.116	288.572	897.857	340.181	203.153	897.112	9	111	111	20	109	113	109	113	17	23	648	151.623	38.9959	0.508936	1	1	-1
17997.4	9182.97	7082.49	492.913	194.388	21389.2	221.604	221.604	611.384	341.454	336.932	868.353	397.391	382.973	782.486	7	113	58	25	111	115	56	60	22	28	642	150.367	42.5269	0.55502	1	1	-1
17883.4	10403.2	4100.82	503.997	201.889	22743.2	212.498	212.498	589.377	309.493	321.177	874.105	283.409	323.24	800.822	6	113	66	15	111	115	64	68	12	18	666	173.906	42.4795	0.554402	1	1	-1
17924.9	17148.5	5336.11	441.635	203.401	664850	279.872	279.872	606.115	319.018	329.686	972.243	324.89	348.45	1136.11	12	113	108	18	111	115	106	110	15	21	656	138.987	40.8275	0.532841	1	1	-1
18053.5	18823.6	4505.84	499.508	202.694	23042.4	212.004	212.004	594.161	312.725	304.699	901.689	293.506	263.588	905.838	6	114	119	16	112	116	117	121	13	19	653	165.856	42.5078	0.55477	1	1	-1
18248.2	20876.4	2347.67	489.681	201.498	18190.9	216.657	216.657	587.656	321.942	340.412	886.231	328.215	396.408	847.67	6	115	131	9	113	117	129	133	6	12	632	159.539	41.5811	0.542677	1	1	-1
18434.4	24270.9	4050.13	486.896	201.261	25592.5	215.19	215.19	599.864	328.78	306.374	939.45	354.408	270.883	1050.13	6	116	153	14	114	118	151	155	11	17	656	164.164	41.5669	0.54249	1	1	-1
18511.6	4602.72	2999.67	495.844	197.034	16753.2	218.083	218.083	596.502	307.103	310.023	899.984	271.559	282.719	899.671	6	117	30	11	115	119	28	32	8	14	652	161.081	41.9913	0.54803	1	1	-1
19014.6	35447	4010.61	497.335	200.974	23750.8	214.887	214.887	589.5	312.887	300.535	928.755	294.626	247.009	1010.61	6	120	223	14	118	122	221	225	11	17	666	159.15	42.5674	0.555548	1	1	-1
19193.2	7800.32	2915.07	498.983	204.245	16130.1	212.124	212.124	581.129	318.077	308.943	877.273	313.151	280.318	815.069	6	121	50	11	119	123	48	52	8	14	665	173.79	41.8278	0.545896	1	1	-1
19429.7	10803.9	1735.86	487.448	200.847	76915.3	228.1	228.1	610.078	339.464	298.218	885.021	389.738	243.948	835.863	8	122	69	7	120	124	67	71	4	10	665	155.393	40.522	0.528853	1	1	-1
19395.2	11008	5818.91	466.944	183.76	689381	266.927	266.927	785.971	330.764	310.802	853.265	355.161	287.954	718.906	11	122	70	21	120	124	68	72	18	24	711	169.651	45.7279	0.596796	1	1	-1
19647.5	13484.5	5048.81	492.931	199.234	17618.5	218.661	218.661	586.906	311.132	331.484	885.408	287.503	364.515	848.812	6	124	85	18	122	126	83	87	15	21	632	162.148	41.1308	0.536799	1	1	-1
19647.4	32109.9	4523.93	479.201	199.402	21778.6	219.812	219.812	605.578	311.514	306.455	907.111	287.439	269.905	923.932	6	124	202	16	122	126	200	204	13	19	636	160.447	40.6278	0.530235	1	1	-1
19783.1	14763.1	2853.07	509.759	203.901	19417.1	212.479	212.479	576.262	304.85	331.523	861.34	263.141	363.089	753.071	7	125	93	11	123	127	91	95	8	14	646	162.744	42.9716	0.560823	1	1	-1
19866.4	21733.3	4950.9	503.039	195.961	27475.9	219.338	219.338	596.528	327.372	313.222	859.233	346.441	293.348	750.897	7	125	137	18	123	127	135	139	15	21	651	166.576	42.1299	0.549838	1	1	-1
19989.9	10582.8	2337.67	454.876	215.917	206835	228.722	228.722	594.557	314.204	328.601	878.284	309.93	342.76	837.667	8	126	67	9	124	128	65	69	6	12	639	159.356	39.0515	0.509662	1	1	-1
20021.6	37040.1	3167.4	508.715	199.856	29054.3	212.96	212.96	584.466	326.018	298.077	866.387	341.627	240.141	767.403	7	126	233	12	124	128	231	235	9	15	644	161.517	43.4029	0.566452	1	1	-1
20393.3	722.543	2912.24	496.052	198.967	22224.8	217.76	217.76	591.294	339.122	298.891	877.394	393.299	242.543	812.239	7	128	6	11	126	130	4	8	8	14	623	148.424	42.6643	0.556813	1	1	-1
20457.7	29869.9	1859.99	511.924	199.819	24002.6	214.141	214.141	590.738	313.795	305.909	915.476	297.668	269.925	959.989	6	129	188	7	127	131	186	190	4	10	661	172.282	43.5474	0.568338	1	1	-1
20871.2	15955.5	4521.89	499.432	200.034	20932.9	216.366	216.366	591.22	339.639	307.913	906.346	391.232	275.467	921.894	6	131	101	16	129	133	99	103	13	19	656	157.438	42.7571	0.558025	1	1	-1
20930.3	6035.3	7396.88	484.801	218.394	135362	213.725	213.725	571.177	315.514	305.752	864.384	290.282	275.299	796.88	7	132	39	26	130	134	37	41	23	29	653	167.505	41.8356	0.545997	1	1	-1
21117	14702	5408.82	507.624	203.853	18491.5	211.299	211.299	577.455	318.741	315.098	901.697	316.955	301.966	908.816	6	133	93	19	131	135	91	95	16	22	680	183.02	42.5581	0.555427	1	1	-1
21296.3	24956.5	5165.51	500.217	199.811	20191	215.681	215.681	590.354	324.431	318.426	918.226	336.319	316.478	965.505	6	134	157	18	132	136	155	159	15	21	659	175.831	42.0914	0.549336	1	1	-1
21541.2	2096.26	6377.15	498.031	203.983	21079.9	213.781	213.781	586.396	304.605	324.276	919.502	261.168	336.265	977.152	6	136	14	22	134	138	12	16	19	25	655	164.573	43.9419	0.573487	1	1	-1
21527.9	5902.93	6261.79	497.662	206.174	62092.9	215.005	215.005	609.357	298.468	315.64	893.83	247.936	302.932	861.793	7	136	38	22	134	138	36	40	19	25	680	167.809	43.1412	0.563037	1	1	-1
21663.1	38731.7	6393.16	498.599	201.892	23137.9	214.595	214.595	587.777	336.82	323.053	923.429	383.126	331.714	993.164	6	136	243	22	134	138	241	245	19	25	672	164.998	42.218	0.550988	1	1	-1
21996	26790.2	5633.02	509.085	199.988	21347.2	213.321	213.321	594.245	341.015	339.378	883.257	395.961	390.173	833.02	7	138	168	20	136	140	166	170	17	23	625	155.704	44.1089	0.575667	1	1	-1
22631.5	2149.5	5823.47	508.961	184.329	390993	278.587	278.587	655.375	339.628	337.381	937.72	391.452	389.505	1023.47	8	142	14	20	140	144	12	16	17	23	689	142.783	44.3402	0.578685	1	1	-1
22592.1	2468.69	6044.46	509.223	191.66	214671	260.163	260.163	642.971	328.664	298.007	829.531	352.126	228.686	644.462	9	142	17	22	140	144	15	19	19	25	669	149.494	40.96	0.53457	1	1	-1
22583.3	18645.5	3213.83	495.487	193.087	18479.9	221.556	221.556	604.01	326.583	343.477	876.898	343.33	405.466	813.828	7	142	117	12	140	144	115	119	9	15	638	159.001	42.5865	0.555798	1	1	-1
22542.1	24224.9	7440.19	501.117	203.619	22770.1	211.04	211.04	587.377	315.208	337.91	884.391	302.061	384.901	840.192	6	142	152	26	140	144	150	154	23	29	646	169.118	42.7567	0.558019	1	1	-1
22502	38771.3	2208.5	492.579	197.356	21370	216.043	216.043	611.223	303.636	334.155	929.685	262.007	371.34	1008.5	7	142	243	8	140	144	241	245	5	11	636	159.577	42.5196	0.554924	1	1	-1
23092.7	11843.8	7384.28	492.684	201.765	26097.9	216.223	216.223	586.039	333.829	320.696	868.034	372.699	323.794	784.276	6	145	75	26	143	147	73	77	23	29	661	164.558	41.445	0.5409	1	1	-1
23366.2	9305.36	2859.51	500.342	200.799	26076.5	214.763	214.763	583.634	321.894	326.898	942.645	326.213	345.357	1059.51	7	147	59	10	145	149	57	61	7	13	643	173.189	41.8994	0.54683	1	1	-1
23283.7	17234.4	2824.08	498.198	200.746	20105	215.6	215.6	597.165	299.478	307.722	932.304	243.673	274.404	1024.08	7	147	109	10	145	149	107	111	7	13	645	155.08	42.7727	0.558228	1	1	-1
23509.4	10515.4	3194.53	490.991	200.764	17879.7	216.431	216.431	593.504	316.791	307.659	872.597	309.403	275.355	794.526	6	148	67	12	146	150	65	69	9	15	654	166.48	41.2405	0.538231	1	1	-1
23556.9	33068.8	5234.24	498.357	200.278	19280	214.882	214.882	597.789	329.851	305.84	935.526	356.941	268.807	1034.24	6	148	208	18	146	150	206	210	15	21	662	166.992	42.4177	0.553595	1	1	-1
23678.5	20502.2	6500.81	482.925	197.328	23433.1	222.207	222.207	598.766	318.814	325.668	873.021	318.533	342.209	800.812	6	149	129	23	147	151	127	131	20	26	662	167.932	40.1117	0.523499	1	1	-1
24040.8	21957.9	4557.5	494.909	202.624	22974.2	214.826	214.826	597.075	331.621	330.352	915.95	360.833	357.894	957.502	6	151	138	16	149	153	136	140	13	19	636	169.307	42.2313	0.551162	1	1	-1
24094.7	4082.01	6832.52	493.502	198.155	17190	219.571	219.571	596.913	302.094	298.649	881.804	254.687	242.013	832.523	7	152	27	24	150	154	25	29	21	27	632	149.53	42.2796	0.551792	1	1	-1
24077.8	14762.8	4611.71	492.487	200.47	25952.6	216.482	216.482	599.029	297.931	331.745	928.994	237.758	362.776	1011.71	7	152	93	16	150	154	91	95	13	19	637	154.466	42.3337	0.552498	1	1	-1
24131.7	18487.3	6826.69	490.31	201.904	15055.7	215.601	215.601	589.442	312.581	300.442	881.203	291.739	247.254	826.691	6	152	117	24	150	154	115	119	21	27	642	159.075	41.745	0.544815	1	1	-1
24356.6	23580.7	3441.31	489.6	199.566	22728.7	217.568	217.568	600.604	329.787	336.398	936.137	356.616	380.696	1041.31	6	153	148	12	151	155	146	150	9	15	628	157.101	41.7243	0.544544	1	1	-1
24550.3	5886.17	1750.44	495.635	201.806	21294	214.099	214.099	590.428	339.195	310.761	886.805	390.286	286.173	850.438	6	154	38	7	152	156	36	40	4	10	685	162.43	42.1816	0.550514	1	1	-1
24549	26898.7	5460.7	516.869	203.886	23135.8	208.519	208.519	580.41	338.983	324.955	916.396	389.05	338.709	960.695	6	154	169	19	152	156	167	171	16	22	671	176.652	43.8927	0.572845	1	1	-1
24527.7	37788.8	7356.99	495.348	200.202	19863.5	216.732	216.732	589.432	333.04	327.701	862.255	367.695	348.814	756.995	6	154	237	26	152	156	235	239	23	29	660	164.166	41.67	0.543836	1	1	-1
24661.7	22497.5	5987.04	479.939	202.536	27098.6	217.852	217.852	602.698	325.276	302.505	895.08	341.747	257.522	887.043	6	155	142	21	153	157	140	144	18	24	625	163.182	41.1638	0.53723	1	1	-1
24585.6	28535.9	4237.02	469.726	227.664	90993.3	203.299	203.299	573.601	310.183	333.57	898.402	265.584	375.889	937.018	7	155	179	15	153	157	177	181	12	18	617	151.817	41.4544	0.541023	1	1	-1
24746.9	34179.7	5082.38	505.795	200.959	15958	214.415	214.415	584.739	305.356	303.835	895.13	266.859	259.692	882.384	6	156	215	18	154	158	213	217	15	21	643	162.248	42.9394	0.560403	1	1	-1
24936.3	31255.7	2921.62	501.114	200.055	26315.3	215.587	215.587	591.954	313.333	335.231	878.239	296.263	375.665	821.623	6	157	196	11	155	159	194	198	8	14	663	166.879	42.7176	0.557509	1	1	-1
25028.1	38902.3	6867.11	506.074	197.355	24082.9	218.562	218.562	590.421	339.329	326.38	890.486	388.091	342.274	867.115	7	157	244	24	155	159	242	246	21	27	629	168.621	43.3275	0.565468	1	1	-1
25070.2	2497.01	5413.7	508.74	202.205	19307.1	213.223	213.223	588.16	306.442	302.567	903.134	270.176	257.011	913.701	6	158	17	19	156	160	15	19	16	22	639	165.041	43.3355	0.565573	1	1	-1
25259	13433.8	2174.52	497.222	199.019	21092.9	217.013	217.013	597.424	314.109	318.251	921.696	299.01	313.803	974.516	6	159	85	8	157	161	83	87	5	11	672	174.992	41.8234	0.545838	1	1	-1
25206.5	28429.7	2811.14	492.798	200.113	24504.8	218.742	218.742	601.531	300.267	306.328	929.371	246.539	269.743	1011.14	7	159	179	10	157	161	177	181	7	13	630	154.87	41.9957	0.548087	1	1	-1
25365.1	3721.12	2108.24	506.348	198.53	21623.4	215.783	215.783	592.214	299.335	331.045	903.496	245.058	361.118	908.237	6	160	24	8	158	162	22	26	5	11	653	161.089	43.2462	0.564407	1	1	-1
25406.6	18220.7	7433.17	507.737	201.637	24795.8	212.876	212.876	585.772	310.652	314.771	881.901	286.556	300.713	833.174	6	160	115	26	158	162	113	117	23	29	637	171.761	42.6896	0.557143	1	1	-1
25749.4	15862.1	3071.48	487.923	198.882	32307.4	219.191	219.191	611.193	317.646	325.312	919.591	309.423	342.095	971.481	6	162	100	11	160	164	98	102	8	14	644	163.937	41.4147	0.540505	1	1	-1
25804	39074.8	5915.5	479.812	206.195	30917.2	216.02	216.02	600.137	330.612	328.538	958.346	364.029	354.808	1115.5	8	162	245	20	160	164	243	247	17	23	655	160.4	42.6647	0.556819	1	1	-1
25941	6712.87	3598.01	488.396	198.975	22392.6	218.432	218.432	607.315	325.463	318.183	899.513	341.027	312.867	898.007	6	163	43	13	161	165	41	45	10	16	650	171.698	41.2325	0.538127	1	1	-1
25924.8	9606.86	4111.61	503.277	199.972	21448.9	215.74	215.74	590.901	321.511	321.788	876.973	324.755	326.859	811.606	6	163	61	15	161	165	59	63	12	18	661	174.287	42.1977	0.550723	1	1	-1
26001.4	31956.3	2682.88	490.076	195.35	21148.8	223.846	223.846	600.126	298.665	307.668	895.345	241.439	276.27	882.878	7	164	201	10	162	166	199	203	7	13	646	155.546	41.8454	0.546126	1	1	-1
26223.1	28010.7	7420.77	494.567	198.324	18197.3	218.601	218.601	601.425	314.925	322.605	879.453	303.085	330.652	820.769	6	165	176	26	163	167	174	178	23	29	660	171.641	41.4636	0.541142	1	1	-1
26223.3	32724.7	6536.17	496.932	198.75	22726.1	219.152	219.152	591.315	315.118	299.682	883.131	303.307	244.738	836.169	6	165	206	23	163	167	204	208	20	26	656	157.703	41.9609	0.547633	1	1	-1
26365.6	1242.77	4374.57	507.026	202.358	25584.3	213.288	213.288	580.39	310.477	310.174	946.317	285.59	282.773	1074.57	7	166	9	15	164	168	7	11	12	18	697	170.401	42.5469	0.555281	1	1	-1
26388.3	15622.7	4867.43	493.327	212.541	29293.3	209.01	209.01	575.839	315.312	305.549	914.219	308.331	262.684	967.434	6	166	99	17	164	168	97	101	14	20	653	166.129	42.1416	0.549991	1	1	-1
26395.3	24435.2	4013.76	505.363	202.67	21701.9	212.376	212.376	595.074	318.789	307.611	931.413	315.303	275.197	1013.76	6	166	154	14	164	168	152	156	11	17	682	174.759	42.9577	0.560642	1	1	-1
26540.2	36817.7	1610.31	495.755	196.721	19630.6	219.089	219.089	603.172	314.329	324.437	928.847	300.207	337.665	1010.31	6	167	231	6	165	169	229	233	3	9	656	169.616	41.715	0.544424	1	1	-1
26831.1	3428.43	2473.77	504.316	202.868	24956.5	213.796	213.796	579.47	307.136	338.699	919.437	271.118	388.425	973.766	6	169	22	9	167	171	20	24	6	12	670	162.417	42.7898	0.558451	1	1	-1
27040.5	22313.3	6613.33	495.931	205.254	23385.4	214.285	214.285	587.589	320.84	339.815	903.217	320.509	393.269	913.325	6	170	140	23	168	172	138	142	20	26	658	165.3	42.589	0.555831	1	1	-1
27380.9	10608.3	6236.83	500.872	198.568	21829.4	215.668	215.668	596.342	325.667	333.17	882.554	340.901	368.315	836.833	6	172	67	22	170	174	65	69	19	25	649	165.904	42.4763	0.554359	1	1	-1
27307.9	16067.9	2941.24	514.204	195.687	21201.5	217.308	217.308	593.475	305.078	339.355	884.925	267.889	387.894	841.238	7	172	101	11	170	174	99	103	8	14	642	165.184	44.2551	0.577575	1	1	-1
27589	23033.5	5779.79	461.96	219.313	170073	224.147	224.147	594.662	337.162	320.976	931.921	389.022	313.477	979.792	8	173	145	20	171	175	143	147	17	23	627	155.388	42.3621	0.552869	1	1	-1
27552.6	23610.3	6738.36	495.951	193.466	61094.2	227.182	227.182	635.741	329.463	300.141	855.196	352.553	250.299	738.362	7	173	149	24	171	175	147	151	21	27	639	164.47	42.2976	0.552027	1	1	-1
27486.9	25499.6	5401.75	503.123	202.287	23443.8	212.06	212.06	589.337	310.933	336.232	900.371	286.944	379.588	901.75	6	173	160	19	171	175	158	162	16	22	663	171.319	42.7607	0.55807	1	1	-1
27550.9	38234.6	2746	515.834	203.042	17618.6	211.306	211.306	570.086	329.128	318.404	912.461	350.949	314.569	945.998	6	173	240	10	171	175	238	242	7	13	677	184.242	42.9931	0.561105	1	1	-1
27721.1	33732.5	6318.62	494.488	198.039	25548.6	217.003	217.003	605.622	330.699	312.412	905.006	361.134	292.544	918.624	6	174	212	22	172	176	210	214	19	25	655	167.244	42.0258	0.548479	1	1	-1
27817.2	29556.5	1536.96	501.868	200.276	27945.8	216.32	216.32	580.492	313.404	308.411	909.368	297.192	276.47	936.959	6	175	186	6	173	177	184	188	3	9	691	169.084	42.0353	0.548604	1	1	-1
28229.6	5779.59	5504.56	487.151	199.873	57672	225.783	225.783	604.83	340.972	324.068	926.446	389.585	339.589	1004.56	7	177	37	19	175	179	35	39	16	22	666	161.634	42.5633	0.555495	1	1	-1
28171.3	29976.4	6287.86	504.317	207.115	14559.5	211.277	211.277	563.187	322.878	335.068	897.424	331.275	376.385	887.862	6	177	188	22	175	179	186	190	19	25	658	172.18	41.7836	0.545319	1	1	-1
28561.6	1328.49	3940.26	516.463	203.592	19536.2	209.245	209.245	584.969	342.454	333.386	909.152	401.587	368.495	940.261	6	179	9	14	177	181	7	11	11	17	673	163.44	44.4928	0.580677	1	1	-1
28677.6	9512.45	3266.59	493.387	197.953	18287.3	216.705	216.705	601.206	330.694	339.528	891.855	357.626	392.448	866.59	6	180	60	12	178	182	58	62	9	15	642	157.931	42.4615	0.554166	1	1	-1
28586.2	13371.9	3028.83	493.94	202.098	27647.5	216.017	216.017	588.012	305.549	302.044	906.974	266.174	251.925	928.832	6	180	85	11	178	182	83	87	8	14	656	159.229	43.574	0.568685	1	1	-1
28719	5147.29	5419.11	488.258	196.555	28097.4	225.42	225.42	610.465	297.424	327.563	904.57	239.007	347.29	919.105	7	181	33	19	179	183	31	35	16	22	629	156.099	41.2695	0.538609	1	1	-1
29140.7	36251.5	3041.46	582.954	200.748	415231	232.061	232.061	1026.99	326.53	296.753	907.231	340.697	251.518	941.46	8	183	228	11	181	185	226	230	8	14	738	197.704	62.1087	0.810582	1	1	-1
29218.6	11169.5	3139.04	504.662	198.614	17428	215.563	215.563	595.043	302.721	311.603	937.554	258.573	289.539	1039.04	7	184	71	11	182	186	69	73	8	14	647	164.383	43.3925	0.566317	1	1	-1
29313.5	14211.4	2095.59	482.449	196.97	18925.1	223.501	223.501	605.31	328.851	311.953	899.072	353.454	291.401	895.586	6	184	90	8	182	186	88	92	5	11	645	160.775	40.8725	0.533428	1	1	-1
29210.8	36994	4634.24	493.261	220.774	71935.5	207.991	207.991	563.441	301.212	325.512	926.979	250.785	353.991	1034.24	8	184	232	16	182	186	230	234	13	19	642	158.331	44.8267	0.585034	1	1	-1
29677.3	16379.7	2135.19	483.345	194.874	20835.7	220.643	220.643	617.012	340.905	336.308	909.247	397.339	379.666	935.187	6	186	103	8	184	188	101	105	5	11	630	145.687	41.9554	0.547561	1	1	-1
29766.1	2342.19	5604.24	493.361	197.826	18793.3	218.058	218.058	593.26	320.934	304.2	873.901	326.064	262.194	804.235	6	187	16	20	185	189	14	18	17	23	646	163.169	41.582	0.542688	1	1	-1
29840.7	4682.73	2067.96	510.813	202.042	22130.7	212.635	212.635	576.905	341.948	331.787	889.864	400.664	362.73	867.962	6	187	30	8	185	189	28	32	5	11	654	161.288	43.4816	0.567479	1	1	-1
29744	10287.2	4498.52	498.554	205.674	23200.5	209.672	209.672	585.688	315.552	333.187	899.244	304.04	367.218	898.516	6	187	65	16	185	189	63	67	13	19	704	172.51	42.5899	0.555842	1	1	-1
29691.1	22644.5	3396.3	500.442	199.187	19737.5	217.939	217.939	595.711	301.39	299.652	926.928	251.065	244.527	996.304	7	187	143	12	185	189	141	145	9	15	624	154.456	42.9567	0.560629	1	1	-1
29977.4	9959.02	7479.98	487.735	198.048	22585.6	220.192	220.192	594.726	335.983	330.948	894.963	377.422	359.022	879.976	6	188	63	26	186	190	61	65	23	29	648	161.705	41.1	0.536397	1	1	-1
30030.9	31678.5	4199.96	499.698	206.193	25179.9	211.415	211.415	577.231	307.028	319.374	900.758	270.91	318.541	899.959	6	189	199	15	187	191	197	201	12	18	677	170.867	42.1364	0.549923	1	1	-1
30256.2	35023.3	5189.39	508.275	198.506	18724.1	216.243	216.243	597.342	324.621	315.255	923.925	336.214	303.334	989.393	6	190	220	18	188	192	218	222	15	21	657	176.464	42.7295	0.557663	1	1	-1
30316.6	38801.2	6236.42	506.685	203.011	18336.9	212.58	212.58	574.919	340.642	298.905	882.34	396.637	241.152	836.419	7	190	244	22	188	192	242	246	19	25	655	151.234	43.2377	0.564296	1	1	-1
30476.9	12124.6	1958.37	499.951	197.511	26183	218.266	218.266	597.543	341.112	310.487	861.993	396.892	284.589	758.372	7	191	77	8	189	193	75	79	5	11	659	157.002	42.5425	0.555223	1	1	-1
30330.3	32165.5	1657.04	500.749	199.187	23641.9	215.475	215.475	595.92	300.833	322.007	940.808	250.289	325.459	1057.04	7	191	202	6	189	193	200	204	3	9	649	160.885	42.6074	0.55607	1	1	-1
30602.5	14243.5	6487.54	502.198	198.756	20895.9	216.289	216.289	598.912	331.367	321.457	870.518	362.498	323.509	787.545	6	192	90	23	190	194	88	92	20	26	648	170.008	42.3981	0.553338	1	1	-1
30769.7	37856.1	5845.81	490.373	203.198	28252.7	215.658	215.658	582.244	332.762	303.659	938.622	369.73	256.13	1045.81	7	193	238	20	191	195	236	240	17	23	621	150.239	43.466	0.567276	1	1	-1
30840.2	15254.2	3652.46	501.288	201.477	18723.9	213.271	213.271	589.984	308.765	334.522	913.508	280.227	374.225	952.463	6	194	96	13	192	196	94	98	10	16	649	167.596	42.7611	0.558077	1	1	-1
30891.1	35958.5	2355.35	507.759	199.349	24219	216.756	216.756	578.978	323.57	308.421	888.706	331.122	278.502	855.347	6	194	226	9	192	196	224	228	6	12	702	174.918	42.3788	0.553087	1	1	-1
30876.8	38648.9	2228.84	472.473	221.711	118038	209.582	209.582	578.311	321.858	304.642	942.846	316.817	248.945	1028.84	7	194	243	8	192	196	241	245	5	11	624	157.397	41.221	0.537977	1	1	-1
31103.7	39242.3	3515.73	483.179	225.616	117535	204.864	204.864	570.945	334.971	326.713	868.344	383.705	362.279	815.727	7	195	246	13	193	197	244	248	10	16	643	159.24	42.1818	0.550516	1	1	-1
31164.6	31117.9	2772.97	498.424	203.327	24545.8	214.239	214.239	570.459	310.729	298.284	919.935	284.599	237.92	972.97	7	196	196	10	194	198	194	198	7	13	639	156.845	42.0679	0.549029	1	1	-1
31432.9	26495.5	7438.07	483.459	193.28	18220.1	224.034	224.034	620.203	339.23	302.644	883.319	392.931	255.495	838.067	7	197	167	26	195	199	165	169	23	29	613	143.961	41.8042	0.545588	1	1	-1
31471.7	22818	2636.51	486.447	193.034	23071.5	228.232	228.232	604.843	306.715	303.614	882.574	271.749	258.042	836.512	6	198	144	10	196	200	142	146	7	13	657	150.096	40.7692	0.53208	1	1	-1
31472.7	31048.7	6804.21	492.08	196.717	20354.2	219.399	219.399	599.158	307.078	322.667	873.692	272.657	328.683	804.206	6	198	195	24	196	200	193	197	21	27	634	164.822	41.4226	0.540608	1	1	-1
31684.7	12923.1	3496.66	493.251	196.645	26145.8	217.478	217.478	611.841	321.173	309.495	873.817	324.726	283.09	796.659	6	199	82	13	197	201	80	84	10	16	672	170.512	41.9559	0.547568	1	1	-1
31711.7	30023.5	2648.25	493.136	198.122	21932.2	218.547	218.547	601.429	328.762	304.433	887.234	351.734	263.474	848.246	6	199	189	10	197	201	187	191	7	13	641	163.15	42.4893	0.554528	1	1	-1
31912.9	2803.3	2898.69	490.163	198.068	19297.6	217.671	217.671	609.585	339.613	299.64	874.592	392.912	243.3	798.69	7	200	19	11	198	202	17	21	8	14	608	144.638	42.633	0.556404	1	1	-1
31835.1	13009.8	7255.72	497.567	196.975	22731.1	218.575	218.575	595.85	318.805	333.502	915.642	315.117	369.814	955.716	6	200	82	25	198	202	80	84	22	28	671	165.126	41.8813	0.546593	1	1	-1
31996.5	19527.7	5116.49	500.323	193.359	18272.6	221.826	221.826	604.816	318.67	322.061	904.108	316.466	327.733	916.489	6	201	123	18	199	203	121	125	15	21	655	171.838	41.8065	0.545618	1	1	-1
32838.2	28415.5	5820.84	502.056	200.159	20310.9	215.893	215.893	590.036	330.561	303.003	933.018	358.212	255.516	1020.84	7	206	179	20	204	208	177	181	17	23	640	159.074	42.6036	0.55602	1	1	-1
32786.8	33440.8	3765.92	493.763	186.329	234710	274.262	274.262	612.968	315.826	280.75	862.467	306.766	160.778	765.92	9	206	211	14	204	208	209	213	11	17	658	128.668	38.4165	0.501375	1	1	-1
32970.3	2024.83	6467.24	500.983	200.133	19514.5	215.718	215.718	590.663	322.654	304.935	865.962	330.285	264.826	767.244	7	207	14	23	205	209	12	16	20	26	641	164.586	42.3129	0.552227	1	1	-1
33031.2	12174.9	4701	499.271	199.362	22492.8	217.435	217.435	595.631	339.824	324.413	874.823	391.201	334.875	801.001	6	207	77	17	205	209	75	79	14	20	643	162.501	42.4466	0.553972	1	1	-1
32975.3	15280.4	6328.24	498.745	200.082	22938.3	215.1	215.1	596.295	324.33	298.459	906.451	335.326	240.364	928.243	6	207	97	22	205	209	95	99	19	25	645	160.575	42.6052	0.556041	1	1	-1
32938.9	35082.2	6767.15	501.945	199.707	19898.5	214.609	214.609	592.228	314.26	331.863	865.28	298.899	362.181	767.154	6	207	220	24	205	209	218	222	21	27	648	170.729	42.5194	0.554922	1	1	-1
33022.4	33157.8	3790.51	477.802	185.521	510833	300.979	300.979	613.842	296.725	327.911	866.265	222.374	357.78	790.508	9	208	208	14	206	210	206	210	11	17	658	142.243	39.9521	0.521416	1	1	-1
33296.4	13731.1	6036.08	490.161	200.076	21475.9	218.166	218.166	595.496	324.401	312.43	908.35	336.422	291.089	936.078	6	209	87	21	207	211	85	89	18	24	652	170.385	40.9312	0.534195	1	1	-1
33441.6	14779.6	2923.05	511.848	204.863	23051.2	209.526	209.526	572.04	320.014	336.459	880.12	321.567	379.596	823.049	6	210	93	11	208	212	91	95	8	14	667	174.16	43.0168	0.561414	1	1	-1
33554.3	10059.5	3035.21	495.174	193.905	23399	221.772	221.772	607.784	307.181	314.067	909.881	274.281	299.504	935.215	6	211	64	11	209	213	62	66	8	14	661	164.71	41.9772	0.547845	1	1	-1
33672.5	35343	2293.35	495.551	199.942	18245.5	216.706	216.706	593.602	339.518	315.254	871.805	392.49	303.001	793.349	7	211	222	9	209	213	220	224	6	12	641	161.256	42.0659	0.549003	1	1	-1
33811	7533.46	7492	509.039	203.379	24047.3	213.443	213.443	581.204	334.289	323.688	897.953	371.035	333.463	892.001	6	212	48	26	210	214	46	50	23	29	703	174.649	42.7575	0.558029	1	1	-1
33794.1	24391.9	4084.24	500.114	203.145	22728.5	212.051	212.051	587.856	329.243	339.722	869.481	354.096	391.867	784.239	7	212	153	15	210	214	151	155	12	18	664	162.45	42.6167	0.556192	1	1	-1
33983.8	1552.36	4327.02	509.244	201.649	20119	213.544	213.544	582.071	337.896	307.125	934.313	383.828	272.362	1027.02	7	213	11	15	211	215	9	13	12	18	650	162.706	43.2756	0.564792	1	1	-1
33946.8	4042.21	7261.42	490.231	212.838	34083.4	208.51	208.51	572.792	328.682	329.873	911.758	346.795	362.21	961.421	6	213	26	25	211	215	24	28	22	28	689	170.271	41.7078	0.54433	1	1	-1
34066.7	3369.63	5446.22	489.609	199.601	24614.2	217.107	217.107	606.274	316.018	323.282	913.33	306.665	329.629	946.224	6	214	22	19	212	216	20	24	16	22	696	174.335	41.6748	0.543899	1	1	-1
34115.9	4159.37	2522.13	501.664	195.593	22457.6	219.794	219.794	608.184	330.626	320.022	852.573	355.865	319.367	722.125	7	214	27	10	212	216	25	29	7	13	648	168.724	42.3188	0.552304	1	1	-1
34031.9	11364.9	2790.05	491.17	200.918	22193.2	218.677	218.677	583.105	307.429	320.581	925.592	271.908	324.872	990.047	6	214	72	10	212	216	70	74	7	13	640	164.28	41.7359	0.544696	1	1	-1
34239.4	19519.1	2245.34	496.29	199.511	26180.2	218.172	218.172	598.512	319.4	320.152	859.556	319.379	319.052	745.335	6	215	123	9	213	217	121	125	6	12	668	169.75	41.6027	0.542957	1	1	-1
34501	6021.95	6349.45	497.922	197.387	15561.4	217.441	217.441	600.95	303.687	304.201	912.359	260.985	261.953	949.453	6	217	39	22	215	219	37	41	19	25	625	158.495	42.7319	0.557695	1	1	-1
34529.5	18606	6845.55	508.538	205.582	21954.3	210.171	210.171	582.453	311.199	332.203	886.347	289.485	366.012	845.55	6	217	117	24	215	219	115	119	21	27	652	174.561	43.4511	0.567082	1	1	-1
34512.7	21228	6479	496.744	197.433	19267.8	218.297	218.297	601.134	306.573	305.837	867.942	272.728	268.043	778.996	7	217	134	23	215	219	132	136	20	26	649	163.489	42.4186	0.553606	1	1	-1
34527.1	22711	4457.72	455.101	246.487	455578	194.671	194.671	678.484	316.054	312.6	910.5	287.074	310.99	857.722	9	217	143	16	215	219	141	145	13	19	657	167.557	46.2387	0.603463	1	1	-1
34747.9	22534.4	5802.96	475.66	214.626	144019	212.729	212.729	681.16	325.72	314.283	848.913	347.903	294.404	702.96	8	218	142	21	216	220	140	144	18	24	661	168.224	43.6429	0.569584	1	1	-1
34872.7	10669.8	1631.77	497.221	200.829	20776.5	214.815	214.815	594.1	317.622	305.91	934.856	312.748	269.79	1031.77	6	219	68	6	217	221	66	70	3	9	676	171.465	42.5578	0.555423	1	1	-1
34919	36314.9	2527.1	494.144	199.443	16828.7	216.747	216.747	594.746	330.533	318.75	932.332	358.995	314.945	1027.1	7	219	228	9	217	221	226	230	6	12	645	166.176	41.5962	0.542872	1	1	-1
35292.5	3004.96	5119.13	490.37	196.965	20484.7	220.511	220.511	602.549	301.534	310.896	903.539	252.5	284.958	919.131	6	222	20	18	220	224	18	22	15	21	618	156.606	41.7495	0.544874	1	1	-1
35436.4	34343	3440.1	472.446	207.278	85456.7	227.681	227.681	578.983	342.432	307.623	857.286	396.392	262.994	740.103	8	222	216	13	220	224	214	218	10	16	634	142.502	40.8751	0.533462	1	1	-1
35527.2	10509.1	3674.06	486.766	201.206	26365.3	216.281	216.281	610.979	321.088	306.329	918.43	327.204	269.083	974.058	7	223	67	13	221	225	65	69	10	16	602	162.154	41.8584	0.546296	1	1	-1
35646.1	7564.02	2384.8	491.282	201.536	22689.9	216.606	216.606	589.548	310.834	331.841	895.771	286.148	364.023	884.804	6	224	48	9	222	226	46	50	6	12	681	167.873	41.4247	0.540635	1	1	-1
35686.5	18835.5	7005.91	507.235	201.626	16684.2	215.355	215.355	585.481	321.812	308.04	927.292	326.462	275.464	1005.91	6	224	119	24	222	226	117	121	21	27	663	169.534	42.688	0.557122	1	1	-1
35960.7	1791.37	2743.22	815.627	192.696	169713	233.39	233.39	644.122	305.272	331.486	915.242	280.706	351.369	943.219	7	226	12	10	224	228	10	14	7	13	944	262.098	69.0229	0.90082	1	1	-1
35959.6	6611.13	5425.04	512.808	204.085	29452.4	210.047	210.047	577.507	309.145	333.915	907.414	279.627	371.133	925.042	6	226	42	19	224	228	40	44	16	22	647	173.943	43.398	0.566389	1	1	-1
35939.5	34911.9	3486.53	485.238	207.32	71309.7	224.411	224.411	578.349	301.674	326.304	868.363	259.512	351.944	786.529	7	226	219	13	224	228	217	221	10	16	644	158.269	41.5951	0.542859	1	1	-1
36927.6	2585.34	3909.84	744.402	191.215	252965	253.087	253.087	616.193	310.418	328.81	902.794	287.633	345.336	909.843	7	232	17	14	230	234	15	19	11	17	891	224.464	59.5729	0.777488	1	1	-1
37099.2	24510.5	4949.55	498.45	200.472	21380.3	215.058	215.058	593.427	314.554	328.824	860.264	299.194	350.473	749.552	6	233	154	18	231	235	152	156	15	21	679	171.234	42.0758	0.549132	1	1	-1
37318.2	27968.6	3891.8	475.753	196.869	20710.7	221.256	221.256	612.102	330.303	311.563	897.84	358.214	288.628	891.798	6	234	176	14	232	236	174	178	11	17	616	158.468	40.2393	0.525164	1	1	-1
37521.4	19344.6	5779.5	494.165	199.188	22107.3	217.929	217.929	591.024	342.085	315.376	921.499	401.358	304.578	979.501	6	235	122	20	233	237	120	124	17	23	661	157.747	41.7947	0.545464	1	1	-1
37729.6	25905.2	2001.78	493.685	199.689	24685.8	216.358	216.358	600.529	311.569	315.883	873.559	289.595	305.2	801.784	6	237	163	8	235	239	161	165	5	11	705	171.948	41.7537	0.544928	1	1	-1
37925.6	11512.2	5095.31	513.197	201.495	20830.9	211.513	211.513	590.226	321.39	318.098	897.363	325.56	312.191	895.312	6	238	73	18	236	240	71	75	15	21	652	183.416	43.3855	0.566226	1	1	-1
37957	33033.9	5526.46	495.626	199.955	19361.1	215.6	215.6	601.556	330.297	339.968	931.939	356.951	393.932	1026.46	7	238	207	19	236	240	205	209	16	22	642	156.126	42.4817	0.554429	1	1	-1
38288.8	21537.5	5877.48	481.982	209.231	121021	216.293	216.293	650.188	334.949	304.089	948.648	368.771	257.494	1077.48	8	240	136	20	238	242	134	138	17	23	673	160.681	43.5177	0.56795	1	1	-1
38520.3	21767.7	7349.55	479.762	202.301	122200	222.923	222.923	675.226	307.154	320.944	858.503	280.319	327.679	749.551	8	242	137	26	240	244	135	139	23	29	658	171.248	43.0692	0.562098	1	1	-1
38785.1	10452.5	5684.78	496.322	200.89	20623.9	217.054	217.054	588.379	337.299	334.31	896.462	385.13	372.47	884.775	6	243	66	20	241	245	64	68	17	23	658	158.221	42.2597	0.551533	1	1	-1
38765.9	28269.7	1879.94	505.588	200.449	15382.5	214.895	214.895	582.536	332.486	306.119	920.805	365.864	269.72	979.939	6	243	178	7	241	245	176	180	4	10	649	167.614	42.6515	0.556646	1	1	-1
38699.5	36973.2	5454.32	489.816	199.635	18899.2	217.662	217.662	608.452	314.6	323.957	914.926	299.459	333.25	954.322	6	243	232	19	241	245	230	234	16	22	671	171.404	41.4615	0.541115	1	1	-1
38917.3	29616.7	1710.48	490.418	198.155	24349	219.376	219.376	603.42	330.356	324.131	877.549	357.282	336.725	810.476	7	244	186	7	242	246	184	188	4	10	623	165.698	41.4058	0.540388	1	1	-1
39229.7	12772.3	1849.67	497.717	206.222	21348.9	211.981	211.981	576.287	327.705	312.387	912.441	349.67	292.284	949.668	6	246	81	7	244	248	79	83	4	10	685	174.075	41.6757	0.543911	1	1	-1
39428.3	9495.84	1881.92	495.501	193.838	18357.4	220.797	220.797	613.664	338.68	335.56	921.716	388.259	375.839	981.918	7	247	60	7	245	249	58	62	4	10	631	154.223	42.8236	0.558892	1	1	-1
39354.3	14856.8	4878.7	505.309	203.202	25247.5	210.373	210.373	593.09	317.846	313.357	919.039	314.339	296.822	978.697	6	247	94	17	245	249	92	96	14	20	684	178.245	42.9813	0.56095	1	1	-1
39381.1	16877.1	6617.58	486.674	191.15	21898.1	224.115	224.115	617.72	325.94	341.4	905.104	341.131	397.109	917.578	6	247	106	23	245	249	104	108	20	26	615	155.621	41.8063	0.545615	1	1	-1
39331.5	31722	5968.15	504.386	199.91	25720.2	212.602	212.602	597.242	311.76	331.833	891.417	291.534	361.998	868.148	6	247	199	21	245	249	197	201	18	24	667	175.175	43.1286	0.562873	1	1	-1
39885.3	30724.6	2373.64	489.553	195.967	20686.4	222.371	222.371	597.313	332.282	321.651	892.315	365.311	324.561	873.64	6	250	193	9	248	252	191	195	6	12	658	164.122	40.8539	0.533186	1	1	-1
40027	34162.7	7139.77	492.931	196.312	19658.7	220.471	220.471	604.087	327.854	298.741	884.255	346.971	242.676	839.769	6	251	215	25	249	253	213	217	22	28	633	159.593	42.7647	0.558123	1	1	-1
39974.9	35328.1	6465.41	480.694	199.696	26000.9	220.819	220.819	605.333	313.672	311.922	943.933	294.869	288.118	1065.41	7	251	222	22	249	253	220	224	19	25	674	161.08	42.8988	0.559873	1	1	-1
40223.4	36209.7	6778.29	485.691	205.595	25100.7	215.909	215.909	584.575	336.268	332.494	867.687	383.392	369.712	778.293	7	252	227	24	250	254	225	229	21	27	634	151.909	44.3234	0.578465	1	1	-1
SPOTS_END
