FISH-QUANT	v3a
File-version	3D_v1
RESULTS OF SPOT DETECTION PERFORMED ON 24-Sep-2021 
COMMENT	
IMG_Raw	Poiss_300spots_bg_200_0_I_10000_0_img0.tif
IMG_Filtered	
IMG_DAPI	
IMG_TS_label	
FILE_settings	Poiss_300spots_bg_200_0_I_10000_0_img0__settings_MATURE.txt
PARAMETERS
Pix-XY	Pix-Z	RI	Ex	Em	NA	Type
160	300	1.33	547	583	1.4	widefield
CELL_START	EntireImage
X_POS	1	1	256	256	
Y_POS	1	256	256	1	
Z_POS	
CELL_END
SPOTS_START
Pos_Y	Pos_X	Pos_Z	AMP	BGD	RES	SigmaX	SigmaY	SigmaZ	Cent_Y	Cent_X	Cent_Z	MuY	MuX	MuZ	ITERY_det	Y_det	X_det	Z_det	Y_min	Y_max	X_min	X_max	Z_min	Z_max	INT_raw	INT_filt	SC_det	SC_det_norm	TH_det	TH_fit	IN_nuc
925.622	28911.8	2498.21	500.416	202.306	22973.9	213.006	213.006	587.434	310.434	306.628	926.226	285.622	271.842	998.215	6	7	182	9	5	9	180	184	6	12	676	168.07	42.3226	0.550114	1	1	-1
1114.08	38105	5655.27	496.472	200.82	17853	217.307	217.307	589.313	317.916	326.94	888.292	314.083	345.038	855.273	6	8	239	20	6	10	237	241	17	23	645	175.347	41.4385	0.538623	1	1	-1
1440.56	11990.6	6391.02	479.917	201.846	59501.6	228.387	228.387	599.224	321.543	317.611	927.748	320.556	310.556	991.023	7	10	76	22	8	12	74	78	19	25	655	166.04	42.335	0.550276	1	1	-1
1438.1	23578.2	3031.85	491.445	193.426	19802.1	224.49	224.49	603.189	319.415	335.713	908.927	318.096	378.181	931.852	6	10	148	11	8	12	146	150	8	14	616	160.466	41.3217	0.537104	1	1	-1
1804.79	39557.9	4626.34	486.63	197.762	22079.8	218.442	218.442	601.696	332.28	330.017	931.797	364.788	357.948	1026.34	7	12	248	16	10	14	246	250	13	19	615	160.684	41.305	0.536887	1	1	-1
1900.47	22964.5	5815.04	499.394	199.8	24609.2	219.378	219.378	585.111	315.384	299.706	930.079	300.471	244.466	1015.04	6	13	145	20	11	15	143	147	17	23	648	155.776	42.1399	0.547739	1	1	-1
2059.66	8363.4	4845.89	502.135	197.556	19371.4	217.804	217.804	597.01	314.349	332.108	911.697	299.66	363.403	945.89	6	14	53	17	12	16	51	55	14	20	657	171.065	42.2474	0.549136	1	1	-1
2044.27	24541.3	6844.24	485.704	199.088	20676.3	218.419	218.419	604.433	310.285	336.035	885.161	284.269	381.258	844.24	6	14	154	24	12	16	152	156	21	27	622	159.348	41.2539	0.536223	1	1	-1
2203.28	4999.9	3992.54	493.752	203.295	16910.4	213.665	213.665	587.785	309.791	331.033	923.757	283.276	359.9	992.54	6	15	32	14	13	17	30	34	11	17	655	169.595	41.5659	0.540279	1	1	-1
2232.11	12020.7	6834.85	440.167	234.441	459858	255.997	255.997	536.619	323.136	321.23	883.637	312.106	340.724	834.846	8	15	76	24	13	17	74	78	21	27	643	129.328	39.2978	0.510797	1	1	-1
2228.27	16958.6	4615.42	490.097	197.076	21033	218.644	218.644	609.451	316.214	319.509	930.034	308.275	318.556	1015.42	6	15	107	16	13	17	105	109	13	19	655	170.709	41.3145	0.537011	1	1	-1
2412.34	12098.7	1763.04	495.254	203.001	26057	212.226	212.226	595.91	323.83	303.666	891.895	332.343	258.699	863.042	6	16	77	7	14	18	75	79	4	10	668	165.93	42.3025	0.549854	1	1	-1
2631	12365.8	4213.15	509.621	207.058	25388.6	209.372	209.372	581.108	338.757	332.167	902.06	390.997	365.751	913.152	6	17	78	15	15	19	76	80	12	18	662	160.701	43.4013	0.564136	1	1	-1
2626.9	20232.8	1514.96	486.134	198.019	22131.5	219.119	219.119	605.178	338.4	339.205	903.597	386.896	392.805	914.957	6	17	127	6	15	19	125	129	3	9	627	150.768	41.7873	0.543157	1	1	-1
2624.79	33365	3041.7	499.898	200.337	23395.7	216.533	216.533	587.631	337.057	299.427	911.468	384.795	244.977	941.701	7	17	210	11	15	19	208	212	8	14	642	153.001	42.7099	0.555148	1	1	-1
2676.88	11826.3	7000.09	457.233	198.675	286846	266.497	266.497	596.123	307.515	318.41	840.243	276.88	306.347	700.086	9	18	75	25	16	20	73	77	22	28	653	141.644	37.3869	0.48596	1	1	-1
2940.58	1664.82	4833.66	497.133	199.566	22575.5	218.283	218.283	582.875	337.118	337.688	909.721	380.584	384.817	933.658	7	19	11	17	17	21	9	13	14	20	649	159.02	42.0773	0.546926	1	1	-1
2890.8	24397.1	1702.4	488.542	198.751	17730.5	218.753	218.753	591.563	323.615	340.67	873.245	330.799	397.14	802.404	6	19	153	7	17	21	151	155	4	10	645	156.461	41.3897	0.537989	1	1	-1
2890.51	39575.9	4921.56	487.068	195.144	22471.3	222.937	222.937	604.773	322.304	335.455	932.431	330.508	375.948	1021.56	7	19	248	17	17	21	246	250	14	20	623	159.203	41.5605	0.540208	1	1	-1
3029.72	9812.35	3114.82	490.932	195.114	27584.5	219.969	219.969	616.615	317.099	334.497	930.562	309.72	372.349	1014.82	6	20	62	11	18	22	60	64	8	14	643	167.503	42.0415	0.54646	1	1	-1
3224.23	28241	5198.07	495.015	197.306	23680.4	218.839	218.839	598.152	326.479	342.647	926.634	344.227	400.981	998.069	7	21	177	18	19	23	175	179	15	21	627	157.666	42.2694	0.549423	1	1	-1
3423.83	26372.4	6038.35	501.54	204.162	26493.4	210.293	210.293	589.304	337.192	313.287	909.307	383.831	292.394	938.353	6	22	166	21	20	24	164	168	18	24	685	164.677	42.8833	0.557403	1	1	-1
3330.96	35490.2	4627.57	505.712	200.565	15968.3	214.268	214.268	591.213	311.773	311.821	933.938	290.959	290.178	1027.57	6	22	223	16	20	24	221	225	13	19	670	173.534	42.6328	0.554146	1	1	-1
3455.85	30520.8	4695.95	492.017	200.341	23100.5	216.509	216.509	597.994	302.779	309.14	872.304	255.854	280.808	795.954	7	23	192	17	21	25	190	194	14	20	613	158.328	42.0544	0.546628	1	1	-1
3470.22	38479.8	7491.34	499.803	201.34	18808.6	212.455	212.455	589.109	306.241	298.035	898.714	270.219	239.846	891.343	6	23	242	26	21	25	240	244	23	29	632	159.086	42.9044	0.557677	1	1	-1
3765.75	7759.15	5704.06	504.782	196.728	21888.7	217.098	217.098	606.079	299.174	341.743	900.943	245.747	399.152	904.063	7	25	49	20	23	27	47	51	17	23	628	151.16	43.9918	0.571811	1	1	-1
3869.67	19172.2	2192.34	508.606	204.063	24532.9	212.032	212.032	574.047	328.07	311.858	924.651	349.672	292.162	992.341	6	25	121	8	23	27	119	123	5	11	697	178.194	42.5261	0.552759	1	1	-1
4429.45	11108.3	5060.75	493.483	196.855	22502.3	217.276	217.276	611.298	305.8	338.343	890.108	269.45	388.255	860.749	6	29	70	18	27	31	68	72	15	21	642	156.977	42.5391	0.552928	1	1	-1
4456.42	14717.1	5963.03	510.13	209.022	26179.1	207.354	207.354	571.651	314.27	319.101	890.25	296.416	317.129	863.028	6	29	93	21	27	31	91	95	18	24	686	185.215	42.6723	0.55466	1	1	-1
4507.27	23571.6	6082.12	461.329	181.107	388452	277.759	277.759	671.907	329.079	290.493	920.906	347.272	211.629	982.124	11	29	149	21	27	31	147	151	18	24	665	146.359	39.4149	0.51232	1	1	-1
4671.09	9172.33	6387.66	501.023	198.611	27552	218.139	218.139	588.883	328.408	334.444	924.34	351.091	372.327	987.663	6	30	58	22	28	32	56	60	19	25	681	166.827	42.201	0.548533	1	1	-1
4694.55	22888.4	7438.33	473.874	207.878	63246.8	218.994	218.994	604.751	334.716	324.538	877.485	374.55	328.364	838.33	7	30	144	26	28	32	142	146	23	29	651	161.529	40.9432	0.532185	1	1	-1
4698.88	28066	6777.46	502.024	199.555	20013	214.396	214.396	597.282	336.002	338.018	868.322	378.878	386.001	777.459	7	30	176	24	28	32	174	178	21	27	621	156.26	43.3929	0.564026	1	1	-1
4906.73	23302.5	5708.13	459.073	209.347	271409	246.539	246.539	648.117	303.556	345.758	911.746	266.732	422.461	908.132	9	32	146	20	30	34	144	148	17	23	657	152.265	38.7561	0.503757	1	1	-1
4890.47	30706.4	7343.25	506.786	197.971	26246	217.265	217.265	586.412	300.97	316.775	938.815	250.471	306.45	1043.25	6	32	193	25	30	34	191	195	22	28	656	161.349	42.7573	0.555765	1	1	-1
5212.93	19747.6	6283.18	491.779	197.045	26812.9	220.802	220.802	596.786	344.789	338.112	895.367	412.929	387.574	883.184	6	33	124	22	31	35	122	126	19	25	648	148.159	42.3304	0.550215	1	1	-1
5135.7	24969.2	2270.81	485.715	199.723	14763.6	219.335	219.335	593.822	323.869	322.302	865.204	335.696	329.182	770.807	6	33	157	9	31	35	155	159	6	12	672	168.527	40.8545	0.531031	1	1	-1
5163.1	25129.8	7292.78	496.694	203.733	18220.2	212.934	212.934	585.677	332.099	322.818	924.848	363.098	329.832	992.782	6	33	158	25	31	35	156	160	22	28	669	172.997	41.8575	0.544069	1	1	-1
5091.58	27289	4783.54	517.172	204.367	23057	210.313	210.313	573.548	311.973	300.508	896.313	291.576	248.961	883.544	6	33	172	17	31	35	170	174	14	20	715	170.497	44.0776	0.572926	1	1	-1
5125.82	32613.8	7407.07	505.278	195.429	21842.6	219.886	219.886	604.793	322.3	312.395	874.34	325.82	293.75	807.067	6	33	205	26	31	35	203	207	23	29	638	171.978	42.5889	0.553576	1	1	-1
5158.35	32742.7	4855.97	493.865	195.26	20104.7	220.616	220.616	617.86	330.71	303.832	915.398	358.353	262.663	955.969	6	33	206	17	31	35	204	208	14	20	642	161.879	42.3552	0.550538	1	1	-1
5251.19	36157.5	7143.4	505.17	199.816	22757.4	215.864	215.864	591.387	312.079	318.996	884.709	291.194	317.519	843.396	6	34	227	25	32	36	225	229	22	28	697	174.641	42.2924	0.549722	1	1	-1
5640.29	11550.6	2892.67	505.853	203.955	19506.3	211.933	211.933	580.878	330.683	328.631	871.344	360.293	350.602	792.669	6	36	73	11	34	38	71	75	8	14	670	172.605	42.5704	0.553335	1	1	-1
5792.16	21384.5	4684.75	497.499	200.766	20963.6	214.495	214.495	602.725	329.128	304.83	870.019	352.158	264.504	784.751	7	37	135	17	35	39	133	137	14	20	648	164.042	42.6246	0.554039	1	1	-1
5884.82	29546.2	4501.05	505.741	196.143	17600.1	216.826	216.826	598.653	310.038	304.672	899.922	284.816	266.198	901.046	6	38	186	16	36	40	184	188	13	19	644	171.614	43.1023	0.560249	1	1	-1
6062.59	4766.1	6257.88	494.918	199.565	23248.9	215.233	215.233	606.061	315.491	310.714	890.896	302.593	286.098	857.884	6	39	31	22	37	41	29	33	19	25	686	172.319	42.0491	0.546559	1	1	-1
5990.47	24097.7	2371.99	510.668	201.652	21791.3	213.097	213.097	587.886	295.388	302.85	892.52	230.465	257.745	871.985	7	39	152	9	37	41	150	154	6	12	662	157.37	44.378	0.57683	1	1	-1
6056.95	31408	1958.4	487.906	194.35	24631.2	224.328	224.328	600.775	314.111	333.022	863.366	296.954	368.003	758.403	7	39	197	8	37	41	195	199	5	11	609	153.602	40.7674	0.529899	1	1	-1
6375.57	39757.8	1854.82	501.33	203.952	21826.3	212.668	212.668	580.437	312.848	340.766	914.983	295.565	397.804	954.821	6	41	249	7	39	43	247	251	4	10	652	164.396	42.4764	0.552113	1	1	-1
6671.35	29162.7	1952.25	503.925	207.085	24799.2	207.208	207.208	579.477	306.758	331.477	861.223	271.349	362.668	752.25	6	43	183	8	41	45	181	185	5	11	683	171.395	42.8502	0.556972	1	1	-1
6856.23	19171.4	5043.69	484.854	198.498	20963.2	221.476	221.476	601.435	312.962	312.431	885.678	296.227	291.41	843.693	6	44	121	18	42	46	119	123	15	21	657	167.51	41.5087	0.539535	1	1	-1
6936.03	34327.2	4415.68	503.352	199.804	28512.4	216.588	216.588	580.317	335.156	299.794	877.929	376.034	247.195	815.68	6	44	216	16	42	46	214	218	13	19	673	154.422	42.7033	0.555062	1	1	-1
7505.06	4269.95	2846.85	480.536	206.193	24453	214.915	214.915	583.459	316.641	306.976	936.739	305.061	269.952	1046.85	7	48	28	10	46	50	26	30	7	13	640	160.376	42.3644	0.550658	1	1	-1
7572.52	20073.3	5223.84	493.384	204.147	17462.4	212.503	212.503	595.392	333.642	339.488	930.928	372.519	393.289	1023.84	7	48	126	18	46	50	124	128	15	21	644	156.472	44.1893	0.574377	1	1	-1
7672.73	17755.6	5778.38	504.78	201.896	20916.1	211.816	211.816	588.156	317.73	319.334	921.301	312.734	315.554	978.376	6	49	112	20	47	51	110	114	17	23	684	180.077	42.6749	0.554694	1	1	-1
7752.31	29253.1	4920.86	491.036	199.239	21275.9	218.031	218.031	593.929	339.618	312.98	931.095	392.307	293.084	1020.86	6	49	184	17	47	51	182	186	14	20	635	158.645	41.5912	0.540607	1	1	-1
7775.78	11911	5652.23	504.529	198.187	20546.4	216.905	216.905	595.646	302.422	339.449	886.075	255.783	390.999	852.234	6	50	75	20	48	52	73	77	17	23	638	156.525	43.1799	0.561257	1	1	-1
7832.31	26847.1	4566.17	496.969	206.842	23613.2	210.461	210.461	576.958	317.951	311.333	917.703	312.314	287.056	966.168	6	50	169	16	48	52	167	171	13	19	699	178.267	41.5326	0.539846	1	1	-1
7957.7	10347.3	5017.03	505.9	201.315	20350.9	212.237	212.237	587.505	308.122	305.26	879.168	277.704	267.322	817.03	6	51	66	18	49	53	64	68	15	21	670	171.093	43.0736	0.559876	1	1	-1
8069.14	32637.3	6761.71	501.395	201.533	21298.2	212.842	212.842	590.777	338.973	319.073	942.488	389.143	317.297	1061.71	7	51	205	23	49	53	203	207	20	26	666	166.253	42.8773	0.557324	1	1	-1
8254.24	9057.83	4692.16	503.29	202.932	107448	214.636	214.636	792.356	347.642	302.232	940.656	414.236	257.828	1092.16	8	52	58	16	50	54	56	60	13	19	663	163.822	50.407	0.655196	1	1	-1
8173.06	25722.3	5695.38	499.351	198.657	23749.9	215.76	215.76	600.882	323.71	309.356	899.901	333.062	282.325	895.377	6	52	162	20	50	54	160	164	17	23	690	175.53	42.7134	0.555194	1	1	-1
8118.73	35250	5452.02	493.771	208.162	19069.2	209.018	209.018	586.585	308.759	333.825	911.192	278.735	370.016	952.023	6	52	221	19	50	54	219	223	16	22	683	166.01	42.2505	0.549177	1	1	-1
8328.95	9087.89	5833.43	496.397	195.148	121612	222	222	851.784	321.959	310.284	863.878	328.953	287.886	733.425	9	53	58	21	51	55	56	60	18	24	677	180.416	49.117	0.638428	1	1	-1
8394.54	4448.68	2293.38	493.504	201.212	23170.8	213.843	213.843	605.562	296.891	311.489	872.776	234.538	288.681	793.383	7	54	29	9	52	56	27	31	6	12	634	155.31	42.5352	0.552878	1	1	-1
8719.56	756.337	6597.44	476.27	220.233	230796	220.137	220.137	573.338	344.874	312.278	907.3	399.564	276.337	897.445	7	55	6	23	53	57	4	8	20	26	662	152.055	40.8082	0.53043	1	1	-1
8592.32	38695.5	2506.42	503.073	199.351	21573.3	214.578	214.578	599.878	306.854	313.327	927.763	272.319	295.502	1006.42	6	55	243	9	53	57	241	245	6	12	684	168.914	42.7478	0.555641	1	1	-1
8726.85	24400.6	2400.69	507.854	198.904	25989.9	216.969	216.969	585.682	300.029	297.871	900.278	246.846	240.567	900.694	7	56	154	9	54	58	152	156	6	12	639	155.74	43.6504	0.567374	1	1	-1
8908.06	11437.8	1803.4	508.034	203.529	21847.1	211.944	211.944	575.656	306.009	341.204	900.613	268.058	397.811	903.403	6	57	72	7	55	59	70	74	4	10	667	158.612	43.1546	0.560929	1	1	-1
9028.71	20170	4607.77	500.445	196.818	19265.2	219.359	219.359	603.791	338.841	322.808	928.603	388.707	330.034	1007.77	6	57	127	16	55	59	125	129	13	19	634	160.018	42.5917	0.553612	1	1	-1
9173.14	1173.62	7277.44	464.039	196.79	159097	241.981	241.981	624.674	332.026	290.531	838.258	373.143	213.617	677.439	9	58	9	26	56	60	7	11	23	29	611	133.45	39.8809	0.518377	1	1	-1
9106.34	39044.1	6627.34	505.081	204.772	23602.4	209.183	209.183	591.813	316.317	321.202	906.605	306.339	324.08	927.343	6	58	245	23	56	60	243	247	20	26	702	180.349	43.0186	0.559161	1	1	-1
9314.64	34885.2	6728.93	500.876	197.695	18727.4	216.763	216.763	603.281	329.458	321.256	934.437	354.64	325.164	1028.93	6	59	219	23	57	61	217	221	20	26	653	169.898	42.6506	0.554378	1	1	-1
9412.72	5919.05	4782.89	491.313	200.23	23134.6	217.264	217.264	596.996	312.004	319.779	894.864	292.72	319.046	882.888	6	60	38	17	58	62	36	40	14	20	675	174.195	41.1465	0.534827	1	1	-1
9600.61	13174.2	4505.68	492.727	200.886	23876.6	216.638	216.638	599.342	320.816	334.45	902.376	320.612	374.238	905.68	6	61	83	16	59	63	81	85	13	19	636	164.837	42.894	0.557542	1	1	-1
9663.01	37605.2	5243.89	489.255	199.136	19765.2	219.202	219.202	596.536	336.814	321.507	859.176	383.013	325.211	743.885	7	61	236	19	59	63	234	238	16	22	654	159.787	41.3353	0.537281	1	1	-1
9723.54	16825.9	4861.46	489.64	197.732	23797.5	219.726	219.726	606.002	309.887	326.942	916.168	283.538	345.875	961.462	6	62	106	17	60	64	104	108	14	20	643	163.476	41.3842	0.537917	1	1	-1
10224.4	17020.5	7278.29	498.962	203.187	20796.1	214.114	214.114	594.742	315.461	336.734	918.544	304.367	380.481	978.291	6	65	107	25	63	67	105	109	22	28	677	168.342	42.406	0.551198	1	1	-1
10406.5	13055.2	5808.61	494.141	205.566	27397.1	212.661	212.661	596.248	320.717	302.486	925.794	326.485	255.158	1008.61	6	66	83	20	64	68	81	85	17	23	651	166.485	44.1462	0.573818	1	1	-1
10518.4	1366.13	6793.74	493.338	197.435	40623.9	224.752	224.752	612.672	309.866	343.825	871.375	278.445	406.127	793.741	7	67	9	24	65	69	7	11	21	27	632	149.739	41.8779	0.544334	1	1	-1
10631.9	7545.96	4009.81	505.509	202.037	19906.1	211.994	211.994	585.98	339.382	326.851	929.733	391.873	345.964	1009.81	7	67	48	14	65	69	46	50	11	17	678	161.24	43.1715	0.561148	1	1	-1
10630.5	1965.61	5894.15	469.309	208.297	188692	230.081	230.081	604.178	294.643	328.424	958.737	230.519	365.605	1094.15	9	68	13	20	66	70	11	15	17	23	633	144.287	41.9004	0.544627	1	1	-1
10746.6	15625.3	3095.18	506.494	204.616	28943.8	211.597	211.597	581.505	327.275	304.835	925.343	346.576	265.336	995.184	6	68	99	11	66	70	97	101	8	14	679	165.572	42.7728	0.555966	1	1	-1
10686.9	21420	6690.3	508.958	202.974	15859.1	210.474	210.474	589.869	311.32	314.443	924.581	286.948	299.992	990.303	6	68	135	23	66	70	133	137	20	26	669	176.024	43.2349	0.561972	1	1	-1
10725.5	29501.2	6330.31	504.62	199.692	18100.7	217.442	217.442	588.255	321.702	336.81	907.894	325.523	381.234	930.306	6	68	185	22	66	70	183	187	19	25	660	167.422	42.381	0.550873	1	1	-1
10658.6	36607.2	4551.67	493.872	200.301	25308.9	215.4	215.4	594.481	303.642	310.8	913.595	258.625	287.216	951.669	6	68	230	16	66	70	228	232	13	19	627	162.907	42.2236	0.548827	1	1	-1
11089.1	14060	6516.17	496.375	205.934	20793.6	209.273	209.273	586.521	333.716	314.25	877.838	369.146	299.992	816.17	6	70	89	23	68	72	87	91	20	26	695	173.235	42.3403	0.550344	1	1	-1
10982.7	27623.5	3981.79	494.484	198.843	19876.9	216.994	216.994	592.933	304.591	304.645	922.253	262.71	263.535	981.79	6	70	174	14	68	72	172	176	11	17	631	157.23	42.093	0.54713	1	1	-1
11073.6	30312.1	3070.51	494.473	202.629	32443.6	217.379	217.379	598.114	329.772	339.888	920.448	353.617	392.116	970.514	7	70	190	11	68	72	188	192	8	14	658	160.15	41.8577	0.544071	1	1	-1
11037.2	31611.7	4642.03	504.904	197.325	23904.5	222.772	222.772	590.121	319.642	300.536	857.073	317.245	251.715	742.032	7	70	199	17	68	72	197	201	14	20	650	162.141	42.3173	0.550045	1	1	-1
11291	3189.65	1697.32	494.226	199.548	17733.7	216.248	216.248	608.401	301.263	317.508	873.387	251.045	309.645	797.32	7	72	21	7	70	74	19	23	4	10	636	160.933	42.6653	0.554568	1	1	-1
11415.8	11513.2	2705.64	491.278	200.528	19921.6	214.695	214.695	606.288	335.53	318.771	901.313	375.828	313.163	905.64	6	72	73	10	70	74	71	75	7	13	666	168.096	42.0686	0.546812	1	1	-1
11370.6	15251.3	4704.73	499.731	205.251	29480.2	212.116	212.116	583.558	322.25	334.608	874.553	330.64	371.285	804.728	6	72	96	17	70	74	94	98	14	20	672	172.442	42.3319	0.550235	1	1	-1
11346.8	30871	4657.08	476.291	209.437	60987.3	223.858	223.858	580.411	314.772	318.456	857.848	306.762	310.999	757.078	7	72	194	17	70	74	192	196	14	20	679	164.644	40.7957	0.530267	1	1	-1
11614.8	7451.74	2566.82	493.513	194.441	24402.1	222.381	222.381	610.734	302.198	301.299	943.492	254.821	251.736	1066.82	7	74	48	9	72	76	46	50	6	12	642	150.161	42.5786	0.553442	1	1	-1
11827.4	4393.38	1884.06	502.917	196.051	21675.6	219.217	219.217	602.303	316.686	340.081	923.148	307.392	393.384	984.058	6	75	28	7	73	77	26	30	4	10	665	160.258	42.9761	0.558609	1	1	-1
11835.4	16810.1	4107.26	496.295	198.56	24136.8	217.684	217.684	603.639	319.042	322.984	875.216	315.425	330.141	807.26	6	75	106	15	73	77	104	108	12	18	664	174.827	41.8281	0.543686	1	1	-1
12008	38500.9	5549.47	490.448	198.027	26395.5	218.232	218.232	608.325	321.614	303.897	939.114	327.989	260.941	1049.47	7	76	242	19	74	78	240	244	16	22	640	161.003	41.7964	0.543275	1	1	-1
12238.3	32184.2	1502.52	499.079	199.91	21178.6	214.397	214.397	597.253	297.97	326.307	900.314	238.307	344.198	902.522	6	78	202	6	76	80	200	204	3	9	644	159.334	42.7258	0.555355	1	1	-1
12527.6	26696.9	6866.09	498.592	200.868	23673.6	217.473	217.473	583.649	333.143	313.968	890.579	367.63	296.947	866.094	6	79	168	24	77	81	166	170	21	27	682	167.839	41.7561	0.54275	1	1	-1
12717	28124	3162.13	486.256	197.433	32190.3	221.504	221.504	617.129	340.822	310.629	944.683	397.026	283.994	1062.13	7	80	177	11	78	82	175	179	8	14	631	153.117	41.937	0.545102	1	1	-1
12713.7	28440.1	5056.68	484.136	202.014	39074.8	217.631	217.631	629.523	296.214	308.15	887.301	233.664	280.115	856.683	7	81	179	18	79	83	177	181	15	21	625	157.232	42.8218	0.556602	1	1	-1
12908.1	15898.2	5513.66	479.465	208.927	176785	238.094	238.094	582.564	308.905	337.756	842.771	268.055	378.226	713.662	9	82	100	20	80	84	98	102	17	23	667	151.25	39.6244	0.515042	1	1	-1
13158.4	16428.6	5210.37	454.628	197.229	262259	263.59	263.59	687.246	329.125	303.347	851.107	358.36	268.644	710.367	9	83	104	19	81	85	102	106	16	22	657	145.167	39.0682	0.507813	1	1	-1
13221.7	2584.95	6589.14	502.904	200.647	19884.3	214.609	214.609	588.376	304.011	326.769	897.405	261.73	344.947	889.142	6	84	17	23	82	86	15	19	20	26	642	168.797	42.5832	0.553502	1	1	-1
13457.3	16231.8	4015.22	447.85	227.173	415416	219.387	219.387	668.876	320.199	340.547	940.952	337.337	391.795	1015.22	12	85	102	14	83	87	100	104	11	17	641	162.177	42.903	0.557658	1	1	-1
13441	19575.1	2577.58	503.692	208.115	20709.1	209.116	209.116	569.356	320.59	334.554	868.128	320.968	375.098	777.581	6	85	123	10	83	87	121	125	7	13	664	171.046	42.2678	0.549402	1	1	-1
13400.8	34210.2	6648.74	502.185	200.051	18076.2	216.379	216.379	594.732	308.97	311.642	913.534	280.767	290.186	948.745	6	85	215	23	83	87	213	217	20	26	657	170.926	42.378	0.550834	1	1	-1
13589.6	9763.54	3487.4	504.122	199.876	19972.4	218.188	218.188	575.449	317.131	320.825	869.9	309.602	323.537	787.401	6	86	62	13	84	88	60	64	10	16	650	173.174	41.4146	0.538311	1	1	-1
13961.3	25700.8	6117.89	504.637	200.645	18677.1	212.324	212.324	593.515	331.41	303.985	931.738	361.299	260.832	1017.89	7	88	162	21	86	90	160	164	18	24	665	164.775	43.064	0.559751	1	1	-1
14498	2566.27	2747.4	505.931	203.777	20470.7	211.625	211.625	585.672	303.271	321.887	913.002	258.026	326.266	947.402	6	92	17	10	90	94	15	19	7	13	669	170.57	42.868	0.557204	1	1	-1
14745.7	26304.4	3073	507.732	201.237	18896.6	214.571	214.571	577.363	326.871	337.734	919.49	345.694	384.414	973.004	6	93	165	11	91	95	163	167	8	14	652	167.067	42.7074	0.555116	1	1	-1
14807.9	21896	5972.12	493.693	200.901	15082.4	216.028	216.028	592.515	300.273	313.318	893.028	247.91	295.959	872.118	6	94	138	21	92	96	136	140	18	24	661	163.398	41.9969	0.545881	1	1	-1
14875.1	32819.2	3588.95	508.447	193.244	23253.2	221.372	221.372	599.074	318.654	325.248	896.226	315.105	339.231	888.947	6	94	206	13	92	96	204	208	10	16	659	176.575	42.4926	0.552324	1	1	-1
15202.2	31657	4994.24	480.179	211.293	46608.8	213.815	213.815	618.673	321.915	313.323	876.345	322.213	297.01	794.238	7	96	199	18	94	98	197	201	15	21	678	170.395	43.0764	0.559912	1	1	-1
15413.8	8109.98	1602.61	501.112	202.213	21164.9	213.085	213.085	581.711	334.238	305.597	927.567	373.776	269.975	1002.61	7	97	52	6	95	99	50	54	3	9	666	167.159	42.4366	0.551596	1	1	-1
15281.7	31756.5	7197.11	478.646	201.434	26036.5	217.034	217.034	631.552	299.136	340.455	896.685	241.693	396.505	897.111	7	97	199	25	95	99	197	201	22	28	611	144.082	42.7231	0.555319	1	1	-1
15474.2	6864.19	5099.48	495.195	201.59	15826.4	214.498	214.498	594.372	307.511	315.723	899.49	274.179	304.189	899.477	6	98	44	18	96	100	42	46	15	21	654	170.352	42.0491	0.54656	1	1	-1
15533.6	7901.18	7222.47	496.62	203.72	19333.5	214.376	214.376	575.235	323.865	336.382	907.79	333.597	381.18	922.467	6	98	50	25	96	100	48	52	22	28	681	165.864	41.6858	0.541837	1	1	-1
15450.2	20784	6977	488.198	198.059	19600.7	218.745	218.745	600.092	301.384	315.823	918.535	250.2	304.003	977.004	6	98	131	24	96	100	129	133	21	27	655	156.662	41.5663	0.540283	1	1	-1
15425.2	30921.7	4679.51	495.638	198.14	29453.1	222.989	222.989	596.146	294.01	332.235	869.147	225.171	361.675	779.508	7	98	194	17	96	100	192	196	14	20	650	154.895	42.3278	0.550182	1	1	-1
15465	39835.5	3490.73	500.31	201.067	19782.8	214.211	214.211	589.437	305.187	318.936	871.86	264.993	315.507	790.728	6	98	250	13	96	100	248	252	10	16	655	167.354	42.4454	0.55171	1	1	-1
15634.5	29543.6	2061.42	499.219	204.422	23937.9	212.376	212.376	578.672	307.818	305.055	888.799	274.463	263.573	861.416	6	99	186	8	97	101	184	188	5	11	661	165.765	42.2435	0.549086	1	1	-1
15974	25309.2	4453.81	498.334	198.97	21345.9	216.223	216.223	596.167	312.66	328.183	886.81	293.99	349.184	853.811	6	101	159	16	99	103	157	161	13	19	652	175.418	42.0836	0.547007	1	1	-1
16135.7	32074	1750.56	497.348	203.172	20323.8	214.186	214.186	589.511	312.844	339.783	886.724	295.669	393.971	850.564	6	102	201	7	100	104	199	203	4	10	668	161.403	42.27	0.549431	1	1	-1
16453.4	4722.15	3128.63	483.393	198.361	23700.2	220.684	220.684	599.04	312.733	299.235	934.063	293.396	242.155	1028.63	7	104	31	11	102	106	29	33	8	14	612	150.971	40.9515	0.532292	1	1	-1
16449.6	18351.1	5499.02	491.258	201.489	23756	216.351	216.351	589.725	311.717	306.645	927.542	289.562	271.06	999.024	6	104	116	19	102	106	114	118	16	22	664	168.758	42.0719	0.546856	1	1	-1
16532.3	26705.4	7407.29	497.973	200.513	20529.9	217.035	217.035	582.176	334.273	316.214	874.641	372.268	305.39	807.294	6	104	168	26	102	106	166	170	23	29	665	167.36	41.7221	0.542309	1	1	-1
16600.4	2415.69	3002.33	488.968	197.346	17829.8	219.823	219.823	600.651	309.105	323.871	900.818	280.352	335.692	902.334	6	105	16	11	103	107	14	18	8	14	643	164.807	41.115	0.534418	1	1	-1
16697.3	19480.2	5542.07	497.539	202.525	16009.4	213.857	213.857	593.641	335.865	309.09	859.165	377.252	280.189	742.075	7	105	123	20	103	107	121	125	17	23	660	163.395	42.5117	0.552573	1	1	-1
16764.1	21975	5470.78	497.793	203.556	24286.9	212.64	212.64	585.508	310.034	334.402	918.478	284.102	375.034	970.781	6	106	138	19	104	108	136	140	16	22	662	165.8	42.2699	0.549429	1	1	-1
17153.1	23041.8	5139.84	507.966	203.6	19316	210.093	210.093	589.238	329.135	321.234	910.296	353.103	321.759	939.836	6	108	145	18	106	110	143	147	15	21	682	179.315	43.6806	0.567765	1	1	-1
17194.6	38117.7	5012.79	506.183	202.326	23574.8	213.393	213.393	586.927	340.225	330.356	877.479	394.633	357.651	812.794	6	108	239	18	106	110	237	241	15	21	646	160.987	43.0246	0.559239	1	1	-1
17085.2	39881	3277.48	494.63	215.288	35105.6	207.755	207.755	552.706	312.705	329.788	896.016	285.187	360.991	877.476	6	108	250	12	106	110	248	252	9	15	651	167.658	44.2876	0.575655	1	1	-1
17459	16524	5017.45	508.016	202.747	26209.4	211.211	211.211	589.845	325.303	332.311	877.053	339.011	363.961	817.454	6	110	104	18	108	112	102	106	15	21	689	178.538	43.2333	0.561951	1	1	-1
17609	27552.3	2236.85	499.76	201.18	24009.9	215.221	215.221	584.207	322.184	328.782	857.317	328.981	352.319	736.855	6	111	173	9	109	113	171	175	6	12	660	169.324	41.6179	0.540954	1	1	-1
17782.7	12489.3	3112.14	501.686	199.673	22098.9	214.858	214.858	602.13	326.416	322.381	929.494	342.737	329.255	1012.14	6	112	79	11	110	114	77	81	8	14	656	175.542	42.5711	0.553344	1	1	-1
17699.8	17627.4	5435.06	486.693	195.513	26967.1	221.583	221.583	611.222	303.352	327.306	908.847	259.752	347.415	935.056	6	112	111	19	110	114	109	113	16	22	637	156.872	42.0602	0.546704	1	1	-1
17830.4	39360.7	3434.8	486.936	214.621	37518.6	211.1	211.1	565.512	336.86	321.522	855.701	390.421	320.693	734.796	6	112	247	13	110	114	245	249	10	16	654	156.653	44.4286	0.577488	1	1	-1
17857.9	9259.04	7256.07	501.206	200.31	19569.4	214.956	214.956	593.502	303.211	314.265	914.844	257.914	299.037	956.074	6	113	59	25	111	115	57	61	22	28	647	165.204	42.5581	0.553176	1	1	-1
17886.2	25841	3727.05	496.211	197.491	24869.9	219.009	219.009	595.819	310.716	298.818	932.416	286.231	241.041	1027.05	7	113	163	13	111	115	161	165	10	16	609	153.633	42.4793	0.552151	1	1	-1
18211.4	2754.28	5979.05	501.438	194.45	18845.7	220.473	220.473	608.185	312.308	329.53	895.503	291.406	354.282	879.053	6	115	18	21	113	117	16	20	18	24	646	170.339	42.3957	0.551064	1	1	-1
18227.4	14660.9	6252.8	502.011	198.825	19215.1	217.571	217.571	579.542	316.448	303.707	886.266	307.416	260.869	852.804	6	115	93	22	113	117	91	95	19	25	651	167.578	41.9784	0.54564	1	1	-1
18275.1	38456.3	3183.36	491.427	199.4	20549.8	217.56	217.56	595.732	329.104	335.313	949.03	355.063	376.341	1083.36	7	115	241	11	113	117	239	243	8	14	637	158.971	42.069	0.546819	1	1	-1
18641.5	25406.8	1699.68	502.804	202.732	23276.9	212.68	212.68	587.943	341.667	311.043	875.052	401.504	286.811	799.684	7	117	160	7	115	119	158	162	4	10	634	159.153	43.3601	0.5636	1	1	-1
18691.6	4393.61	6132.7	498.721	202.114	20641.7	216.983	216.983	575.107	312.689	339.894	933.48	291.638	393.615	1032.7	7	118	28	21	116	120	26	30	18	24	642	156.588	41.7632	0.542843	1	1	-1
18692.9	13632.1	6098.8	504.548	198.896	24293.6	214.639	214.639	597.059	311.924	328.797	925.401	292.931	352.057	998.797	6	118	86	21	116	120	84	88	18	24	690	171.657	43.0233	0.559222	1	1	-1
19569	32062.3	1757.42	501.346	203.18	19952	214.76	214.76	576.655	333.566	336.243	888.516	369.016	382.344	857.425	6	123	201	7	121	125	199	203	4	10	631	160.038	42.1511	0.547885	1	1	-1
19695.3	6114.02	5847.01	492.191	195.915	17418.4	221.023	221.023	598.758	324.221	329.279	858.142	335.314	354.019	747.011	7	124	39	21	122	126	37	41	18	24	646	165.023	41.2209	0.535795	1	1	-1
20128.7	6434.02	3248.11	490.387	202.097	22694	214.318	214.318	593.529	311.271	330.049	887.048	288.703	354.015	848.105	6	127	41	12	125	129	39	43	9	15	691	171.156	41.7068	0.54211	1	1	-1
20256.2	9861.65	5727.06	463.253	204.423	124984	221.684	221.684	698.77	348.321	304.802	898.663	416.187	261.648	927.055	8	127	63	20	125	129	61	65	17	23	615	146.247	43.5106	0.565555	1	1	-1
20157.5	23176.1	6505.85	499.471	198.787	18253.8	217.55	217.55	589.578	319.543	313.661	874.985	317.474	296.104	805.851	6	127	146	23	125	129	144	148	20	26	650	171.043	41.7689	0.542917	1	1	-1
20144	25100.2	1803.61	510.298	203.143	23939.8	210.497	210.497	584.542	315.807	315.314	900.975	303.98	300.157	903.611	6	127	158	7	125	129	156	160	4	10	690	178.677	43.0612	0.559714	1	1	-1
20214.3	28427.7	5309.11	495.53	200.744	20683.5	214.321	214.321	594.121	334.982	305.01	876.972	374.253	267.692	809.115	6	127	179	19	125	129	177	181	16	22	655	164.55	42.2834	0.549605	1	1	-1
20430.1	9967.68	3698.9	625.322	206.498	413616	248.779	248.779	679.635	346.367	332.267	1002.95	430.076	367.683	1298.9	11	128	63	12	126	130	61	65	9	15	784	178.55	55.2176	0.717725	1	1	-1
20367	31960.6	5685.29	491.368	195.475	22778.3	220.303	220.303	608.946	332.83	309.011	896.825	366.978	280.62	885.294	6	128	201	20	126	130	199	203	17	23	616	161.329	41.7296	0.542406	1	1	-1
20417.8	37041.3	2753.85	673.279	189.406	356774	266.905	266.905	622.228	350.538	340.772	914.985	417.759	401.291	953.85	8	128	232	10	126	130	230	234	7	13	808	174.441	56.4945	0.734323	1	1	-1
20501.6	17168.2	5603.92	498.956	202.941	27998.3	212.672	212.672	588.516	326.148	332.764	872.536	341.617	368.21	803.919	7	129	108	20	127	131	106	110	17	23	664	169.738	42.1896	0.548385	1	1	-1
20816.8	3022.01	3697.97	493.05	197.984	16898.1	217.407	217.407	612.038	324.399	315.133	924.398	336.78	302.011	997.966	6	131	20	13	129	133	18	22	10	16	664	170.973	41.8321	0.543738	1	1	-1
20723.6	17559.3	3479.67	494.802	198.656	20948	219.26	219.26	598.659	298.859	308.998	946.809	243.641	279.344	1079.67	7	131	111	12	129	133	109	113	9	15	657	155.956	42.0899	0.547089	1	1	-1
20808.9	24405.1	7195.19	492.45	198.762	22174.8	217.812	217.812	603.051	322.109	299.955	898.743	328.91	245.115	895.191	6	131	154	25	129	133	152	156	22	28	632	160.321	41.9431	0.545181	1	1	-1
20789.3	30883.1	1782.31	508.809	203.989	21018.1	210.7	210.7	580.529	317.004	320.768	896.642	309.29	323.058	882.31	6	131	194	7	129	133	192	196	4	10	694	183.043	42.6767	0.554717	1	1	-1
20974.1	19344.7	2368.65	493.648	198.002	19710.7	217.993	217.993	603.722	323.535	315.878	891.634	334.076	304.666	868.65	6	132	122	9	130	134	120	124	6	12	668	171.037	41.6087	0.540835	1	1	-1
21111.5	11695.3	7149.01	483.265	202.129	18546.3	215.143	215.143	602.781	318.04	324.42	888.041	311.543	335.327	849.009	6	133	74	25	131	135	72	76	22	28	652	171.319	40.9008	0.531633	1	1	-1
21432.1	14125.6	7000.02	495.77	200.716	21429.7	214.261	214.261	597.592	317.94	332.528	925.03	312.098	365.648	1000.02	6	135	89	24	133	137	87	91	21	27	653	169.754	42.1356	0.547684	1	1	-1
21535.9	33144.5	4019.84	490.364	197.089	25335.3	222.529	222.529	594.194	302.522	327.026	931.102	255.878	344.545	1019.84	7	136	208	14	134	138	206	210	11	17	632	154.27	41.2338	0.535962	1	1	-1
21824.6	34815.7	1586.73	491.154	197.237	17699.8	221.268	221.268	598.97	337.209	302.562	923.626	384.599	255.698	986.73	7	137	219	6	135	139	217	221	3	9	646	151.223	41.9389	0.545127	1	1	-1
22411.9	23060.3	7078.63	496.42	201.527	22379	214.666	214.666	595.83	323.137	325.166	867.787	331.851	340.272	778.628	6	141	145	25	139	143	143	147	22	28	681	173.288	41.7681	0.542906	1	1	-1
22605.9	39077.3	6871.18	899.016	203.231	81420.8	220.773	220.773	624.32	337.913	334.034	888.25	365.918	357.34	871.181	7	142	245	24	140	144	243	247	21	27	1022	302.771	76.9342	1	1	1	-1
22772.4	12840.3	4919.96	501.96	200.423	20236	217.818	217.818	580.075	334.429	330.553	932.009	372.417	360.314	1019.96	6	143	81	17	141	145	79	83	14	20	678	164.095	42.0633	0.546744	1	1	-1
22644.9	36173.2	3132.28	498.473	200.03	20500.8	217.209	217.209	586.475	299.842	323.561	856.057	244.863	333.237	732.283	7	143	227	12	141	145	225	229	9	15	634	158.732	42.3605	0.550606	1	1	-1
22888.8	10370.7	3110.58	497.612	202.483	16167.4	212.425	212.425	596.01	322.757	311.761	929.116	328.819	290.707	1010.58	6	144	66	11	142	146	64	68	8	14	684	174.45	42.2041	0.548574	1	1	-1
23454.6	8542.92	3916.02	503.107	199.322	25027.2	215.062	215.062	596.111	302.164	337.599	904.741	254.558	382.919	916.017	7	148	54	14	146	150	52	56	11	17	637	156.98	43.5225	0.565711	1	1	-1
23716	21163.2	5661.47	502.187	202.41	16820.8	212.85	212.85	585.657	329.948	331.885	888.858	355.993	363.235	861.467	6	149	133	20	147	151	131	135	17	23	663	171.399	42.3559	0.550548	1	1	-1
24019.5	14876.4	4221.73	495.981	199.752	20210.1	216.37	216.37	596.07	324.989	319.463	905.022	339.462	316.409	921.733	6	151	94	15	149	153	92	96	12	18	651	175.792	41.7532	0.542713	1	1	-1
24242.6	3205.35	6675.44	503.545	200.308	22196	215.295	215.295	591.187	342.957	320.813	919.403	402.562	325.347	975.442	7	152	21	23	150	154	19	23	20	26	647	160.916	43.066	0.559778	1	1	-1
24090.5	28799.8	5694.45	496.171	198.373	16220.5	216.674	216.674	598.909	300.619	319.512	898.056	250.549	319.833	894.452	6	152	181	20	150	154	179	183	17	23	649	166.535	42.2977	0.549791	1	1	-1
24431.6	30780.7	4597.72	504.823	200.747	16869.4	215.525	215.525	578.623	306.81	336.671	926.145	271.565	380.732	997.716	7	154	193	16	152	156	191	195	13	19	653	160.328	42.7062	0.5551	1	1	-1
24704.9	8026.37	2876.8	488.43	203.182	22201	215.149	215.149	589.765	336.994	327.318	868.498	384.857	346.368	776.801	7	155	51	11	153	157	49	53	8	14	659	157.922	41.5104	0.539557	1	1	-1
25158.7	18628.5	7370.23	494.715	199.866	22342.7	216.656	216.656	601.826	329.819	338.443	943.616	358.663	388.49	1070.23	7	158	117	25	156	160	115	119	22	28	645	155.85	42.4069	0.55121	1	1	-1
25715.1	19640.2	5406.06	502.219	200.877	19731.7	215.207	215.207	587.224	307.087	308.893	902.325	275.131	280.17	906.057	6	162	124	19	160	164	122	126	16	22	680	169.876	42.4028	0.551157	1	1	-1
25782.1	28599.7	5755.92	508.254	202.401	26799	211.366	211.366	586.529	326.025	309.24	915.769	342.106	279.687	955.924	6	162	180	20	160	164	178	182	17	23	656	177.444	43.1177	0.560449	1	1	-1
25906.8	37285	5325.47	484.578	213.711	85668.7	218.92	218.92	572.906	318.846	322.346	874.905	306.829	325.038	825.469	7	163	234	19	161	165	232	236	16	22	710	168.308	42.5551	0.553136	1	1	-1
26204	14532.3	2274.21	486.503	193.916	26450.7	223.686	223.686	613.114	310.304	312.66	866.576	283.955	292.27	774.21	6	165	92	9	163	167	90	94	6	12	641	160.996	41.1147	0.534413	1	1	-1
26296.1	22983.7	5461.73	503.568	201.325	24875.4	213.823	213.823	581.792	335.244	304.809	917.399	376.052	263.654	961.728	6	165	145	19	163	167	143	147	16	22	644	159.581	42.8025	0.556352	1	1	-1
26292.5	29554.3	3720.47	496.024	195.894	20065.3	221.009	221.009	606.985	335.044	307.567	931.169	372.544	274.318	1020.47	7	165	186	13	163	167	184	188	10	16	625	160.916	42.32	0.550081	1	1	-1
26423.1	4683.69	3522.83	497.864	206.49	23833.1	211.674	211.674	583.008	325.999	331.899	881.263	343.089	363.689	822.825	6	166	30	13	164	168	28	32	10	16	696	171.823	42.2878	0.549662	1	1	-1
26636.7	2727.09	7418.89	497.591	195.852	22595.9	220.515	220.515	608.355	341.376	321.623	876.623	396.718	327.087	818.894	7	167	18	26	165	169	16	20	23	29	639	163.559	42.4832	0.552202	1	1	-1
26584.5	37399.6	4688.2	471.685	197.113	90406	233.834	233.834	619.351	324.572	308.144	955.862	344.55	279.566	1088.2	8	167	235	16	165	169	233	237	13	19	631	153.81	41.546	0.54002	1	1	-1
26673.1	25852.7	1979.76	491.618	200.602	18397.5	215.416	215.416	592.713	307.395	302.048	869.789	273.062	252.727	779.762	7	168	163	8	166	170	161	165	5	11	613	154.698	41.8875	0.544459	1	1	-1
26960.4	20700.4	5583.06	486.494	198.147	21381.4	219.748	219.748	604.807	341.39	336.015	946.518	400.381	380.416	1083.06	7	169	130	19	167	171	128	132	16	22	600	145.956	41.8845	0.544419	1	1	-1
26954	33868.2	2903.77	501.606	199.075	19300.8	216.029	216.029	591.4	340.229	306.058	954.68	393.986	268.186	1103.77	8	169	213	10	167	171	211	215	7	13	625	154.443	42.6766	0.554715	1	1	-1
27097.7	4300.81	5380.87	497.853	208.792	27212	211.146	211.146	567.799	334.993	315.295	893.226	377.677	300.809	880.869	6	170	28	19	168	172	26	30	16	22	684	166.914	41.9903	0.545795	1	1	-1
27242.2	1349.98	3153.49	510.017	199.028	19706.9	213.647	213.647	600.757	330.997	339.7	862.52	362.187	389.981	753.488	7	171	9	12	169	173	7	11	9	15	641	161.046	43.911	0.57076	1	1	-1
27200.4	37982.5	7034.26	517.188	200.732	21107.9	212.444	212.444	583.495	320.036	336.856	856.186	320.359	382.536	734.263	7	171	238	25	169	173	236	240	22	28	654	168.294	43.9272	0.570971	1	1	-1
27272.8	9688.16	4294.42	506.044	196.953	19622.7	217.755	217.755	602.703	295.612	300.835	924.691	232.796	248.159	994.416	7	172	62	15	170	174	60	64	12	18	618	149.825	44.0943	0.573143	1	1	-1
27355.3	15781.5	1821.3	498.285	200.536	19490.2	215.208	215.208	592.545	318.889	303.246	907.226	315.347	261.473	921.297	6	172	100	7	170	174	98	102	4	10	684	169.822	42.2769	0.54952	1	1	-1
27578.5	33117.6	6840.16	497.416	201.164	22293.9	213.26	213.26	597.385	335.73	319.454	883.397	378.548	317.597	840.156	6	173	208	24	171	175	206	210	21	27	668	168.924	42.5115	0.552569	1	1	-1
27584.1	34094	4776.82	485.481	205.492	39945.7	215.95	215.95	594.132	336.291	322.94	889.162	384.094	334.007	876.82	6	173	214	17	171	175	212	216	14	20	650	156.01	41.6094	0.540844	1	1	-1
27886.2	9154.75	7259.48	498.053	198.482	20865.9	215.901	215.901	596.915	332.7	329.389	915.233	366.155	354.75	959.48	6	175	58	25	173	177	56	60	22	28	673	166.403	42.1908	0.548401	1	1	-1
27790.2	29640.9	5533.56	495.663	195.592	21724	222.252	222.252	604.516	305.943	331.574	934.804	270.241	360.893	1033.56	7	175	186	19	173	177	184	188	16	22	645	160.585	41.9127	0.544787	1	1	-1
28673.5	39640.7	1556.77	491.193	199.244	20850.6	217.997	217.997	597.077	329.376	308.841	914.085	353.499	280.729	956.768	6	180	249	6	178	182	247	251	3	9	644	167.141	41.299	0.53681	1	1	-1
28778	30905.1	6840.88	498.203	196.949	21004	219.369	219.369	601.038	313.852	327.617	885.34	298.029	345.116	840.876	6	181	194	24	179	183	192	196	21	27	662	173.012	41.9747	0.545592	1	1	-1
28919.7	9821.55	3928.59	501.092	201.187	20245.5	213.996	213.996	584.54	308.847	336.402	908.152	279.663	381.555	928.594	6	182	62	14	180	184	60	64	11	17	649	162.622	42.5897	0.553586	1	1	-1
29103.3	3892.64	3442.64	498.86	198.125	19457.8	214.911	214.911	611.681	315.288	334.449	938.362	303.282	372.635	1042.64	6	183	25	12	181	185	23	27	9	15	657	168.645	42.8846	0.557419	1	1	-1
29070.4	26827.2	5094.31	508.06	203.322	24794.2	211.117	211.117	590.706	306.302	305.712	898.16	270.44	267.192	894.314	6	183	169	18	181	185	167	171	15	21	680	166.049	43.5499	0.566067	1	1	-1
29309.1	5693.71	5465.69	495.46	198.739	27125.5	216.517	216.517	607.128	328.189	301.735	916.996	349.063	253.706	965.69	6	184	37	19	182	186	35	39	16	22	654	161.779	42.5719	0.553354	1	1	-1
29234.4	7635.5	3821.37	505.173	199.656	21929.1	214.776	214.776	586.821	306.972	307.727	879.971	274.41	275.502	821.367	6	184	49	14	182	186	47	51	11	17	671	168.787	42.8596	0.557094	1	1	-1
29289.4	23471.3	1701.59	497.813	202.806	16175.5	213.692	213.692	584.41	322.023	307.626	872.828	329.365	271.339	801.594	7	184	148	7	182	186	146	150	4	10	634	165.128	41.8642	0.544156	1	1	-1
29640.1	2433.24	4413.29	506.472	205.862	22713.8	208.914	208.914	580.919	331.126	328.568	877.294	360.101	353.236	813.29	6	186	16	16	184	188	14	18	13	19	652	175.437	43.6219	0.567003	1	1	-1
29556.3	37840.7	4874.02	493.15	196.115	17795	220.791	220.791	604.923	308.029	298.252	918.138	276.283	240.736	974.024	7	186	238	17	184	188	236	240	14	20	622	156.115	42.4034	0.551164	1	1	-1
29821.4	36242.1	1684.03	498.114	198.717	18436.7	214.868	214.868	601.868	336.589	342.386	870.046	381.352	402.132	784.029	7	187	227	7	185	189	225	229	4	10	627	148.94	43.3027	0.562854	1	1	-1
29896.7	16915.7	2020.78	493.223	203.652	19078.4	213.508	213.508	590.749	313.751	307.675	879.546	296.686	275.737	820.777	6	188	107	8	186	190	105	109	5	11	669	169.585	41.6891	0.54188	1	1	-1
29985.6	22194.1	5489.91	503.943	199.069	22344.3	215.811	215.811	592.95	337.703	307.449	923.597	385.595	274.085	989.914	6	188	140	19	186	190	138	142	16	22	653	161.765	42.9775	0.558627	1	1	-1
30064.5	1579	5855.36	487.942	199.187	19339.6	219.446	219.446	602.821	315.999	314.578	861.369	304.459	299.003	755.355	6	189	11	21	187	191	9	13	18	24	643	164.715	41.8622	0.544129	1	1	-1
30061.6	25043.3	1846.18	496.514	200.098	22020.1	215.842	215.842	595.707	314.497	299.449	911.525	301.639	243.325	946.184	6	189	158	7	187	191	156	160	4	10	629	159.048	42.3369	0.550299	1	1	-1
30312.7	12353.1	5975.46	494.371	200.154	21111.9	217.484	217.484	595.371	296.235	329.026	895.018	232.685	353.065	875.465	6	191	78	21	189	193	76	80	18	24	664	156.977	43.362	0.563624	1	1	-1
30383.9	13209.9	6700.04	498.335	202.606	25302.7	215.035	215.035	588.329	315.711	301.195	924.729	303.859	249.888	1000.04	7	191	84	23	189	193	82	86	20	26	645	160.159	42.2997	0.549816	1	1	-1
30478.1	33701.3	5301.1	503.063	198.921	24156.4	217.366	217.366	585.222	297.619	304.046	874.238	238.095	261.291	801.096	7	192	212	19	190	194	210	214	16	22	627	154.449	43.0332	0.55935	1	1	-1
30488	38945	6443.38	502.762	203.573	20690.6	212.375	212.375	587.167	300.73	338.016	936.904	248.004	385.01	1043.38	7	192	244	22	190	194	242	246	19	25	630	155.527	43.2563	0.562251	1	1	-1
30659.1	5491.38	4062.14	500.476	202.795	20376.5	212.321	212.321	582.74	303.669	333.879	863.949	259.091	371.377	762.136	7	193	35	15	191	195	33	37	12	18	642	159.934	42.4846	0.55222	1	1	-1
30689.7	39570.7	4197.94	501.287	201.171	21553.8	215.04	215.04	598.329	312.033	333.977	901.372	289.73	370.726	897.942	6	193	248	15	191	195	246	250	12	18	662	167.244	42.6515	0.554389	1	1	-1
30902.7	2080.39	4476.75	505.003	203.438	24664.4	213.934	213.934	580.183	326.306	320.311	893.517	342.672	320.39	876.748	6	194	14	16	192	196	12	16	13	19	687	176.634	42.9985	0.558899	1	1	-1
30794.7	9313.63	4971.13	496.598	203.956	21277	210.262	210.262	587.994	297.17	328.925	867.308	234.726	353.634	771.131	7	194	59	18	192	196	57	61	15	21	655	158.678	42.6632	0.554542	1	1	-1
31021.1	14629.7	3269.6	510.598	200.586	22191.8	213.626	213.626	591.106	314.877	339.394	892.186	301.138	389.683	869.6	6	195	92	12	193	197	90	94	9	15	694	171.306	43.5834	0.566502	1	1	-1
31032.6	36779.3	1712.84	518.417	199.89	22866.2	213.903	213.903	587.668	317.616	314.115	877.334	312.6	299.323	812.842	6	195	231	7	193	197	229	233	4	10	689	180.044	43.8928	0.570524	1	1	-1
31181.9	16730.4	4087.3	485.085	203.019	26556.3	217.285	217.285	596.152	316.093	300.739	870.352	301.895	250.399	787.298	7	196	106	15	194	198	104	108	12	18	641	157.912	41.511	0.539565	1	1	-1
31266.2	26020.7	5900.47	502.586	198.802	19556.6	216.048	216.048	600.157	338.088	303.903	873.022	386.236	260.746	800.469	7	196	164	21	194	198	162	166	18	24	623	156.834	43.1155	0.56042	1	1	-1
31678.6	16009	3242.31	494.536	210.79	34299.7	210.82	210.82	573.953	318.46	324.215	886.264	318.56	328.953	842.309	6	199	101	12	197	201	99	103	9	15	666	175.416	43.6154	0.566918	1	1	-1
31734.4	30427.1	1620.87	504.449	201.683	20401.1	214.21	214.21	581.656	334.912	326.882	931.42	374.396	347.142	1020.87	7	199	191	6	197	201	189	193	3	9	646	166.578	42.6098	0.553848	1	1	-1
31782.2	13421.6	7217.8	460.796	245.13	267240	197.264	197.264	534.421	311.217	308.356	889.207	262.173	301.595	917.796	8	200	85	25	198	202	83	87	22	28	659	157.456	40.5635	0.527249	1	1	-1
31819.6	31839.2	2017.37	508.646	198.506	22272.5	216.574	216.574	595.969	314.417	319.909	878.243	299.571	319.192	817.374	6	200	200	8	198	202	198	202	5	11	646	177.38	42.8644	0.557157	1	1	-1
31921.5	1423.74	2100.21	512.055	206.744	21576.9	207.319	207.319	576.804	298.772	315.716	898.674	241.547	303.738	900.205	6	201	10	8	199	203	8	12	5	11	686	168.814	43.7605	0.568805	1	1	-1
32199.1	29969.1	6295.41	499.959	201.646	22505.1	214.796	214.796	586.579	330.498	333.509	899.229	359.127	369.088	895.414	6	202	188	22	200	204	186	190	19	25	634	167.544	42.2819	0.549585	1	1	-1
32322.4	13047.5	6176.1	477.675	210.86	135675	219.64	219.64	597.68	317.395	346.55	874.369	322.422	407.455	776.099	8	203	82	22	201	205	80	84	19	25	651	157.058	41.4525	0.538804	1	1	-1
32399	16780.9	2823.66	495.717	202.286	23539.8	214.495	214.495	595.832	341.05	314.14	931.585	399.025	300.855	1023.66	6	203	106	10	201	205	104	108	7	13	645	159.979	44.2905	0.575693	1	1	-1
32535.4	37762.1	4890.34	497.429	201.628	20748.6	213.973	213.973	590.53	335.334	320.966	923.368	375.383	322.089	990.342	6	204	237	17	202	206	235	239	14	20	656	167.262	42.2166	0.548736	1	1	-1
32616.5	8631.73	3559.38	498.415	205.223	26887.7	211.774	211.774	583.64	313.539	317.516	890.462	296.513	311.727	859.38	6	205	55	13	203	207	53	57	10	16	703	177.516	41.7411	0.542555	1	1	-1
32710.2	36025.4	3515.22	474.575	225.353	124926	212.738	212.738	593.056	341.17	322.87	887.268	390.162	345.408	815.222	7	205	226	13	203	207	224	228	10	16	658	156.646	44.3029	0.575855	1	1	-1
32727.8	35338.1	4087.19	465.24	248.264	183851	199.275	199.275	525.544	304.428	322.598	880.277	247.827	298.086	787.191	8	206	222	15	204	208	220	224	12	18	639	149.123	42.6417	0.554262	1	1	-1
33062.6	35915	5396.43	479.722	207.824	57064.6	218.055	218.055	615.043	302.857	297.141	893.656	262.631	235.033	896.432	8	208	226	19	206	210	224	228	16	22	666	153.927	41.6353	0.54118	1	1	-1
33362.5	14798.5	2297.57	504.105	199.453	27765.4	216.929	216.929	589.024	342.333	341.66	872.733	402.508	398.491	797.572	7	209	93	9	207	211	91	95	6	12	649	152.034	43.5916	0.566609	1	1	-1
33391.6	24617.8	5228	496.401	198.418	20152.1	218.969	218.969	596.572	306.345	313.727	933.36	271.637	297.795	1028	7	210	155	18	208	212	153	157	15	21	657	165.795	41.8193	0.543573	1	1	-1
33894.7	8047.14	1561.95	496.002	202.601	18447.2	214.113	214.113	581.944	312.766	332.705	915.916	294.719	367.142	961.949	6	213	51	6	211	215	49	53	3	9	658	167.873	41.6099	0.54085	1	1	-1
33972.8	22581.6	1669.94	498.449	202.419	21108.3	212.935	212.935	591.131	334.407	326.25	864.995	372.825	341.55	769.937	6	213	142	7	211	215	140	144	4	10	670	172.785	42.3436	0.550388	1	1	-1
33871.3	23378.6	5258.41	488.831	195.937	25287.4	221.46	221.46	602.097	306.716	324.91	861.73	271.284	338.579	758.406	6	213	147	19	211	215	145	149	16	22	668	163.118	41.2994	0.536814	1	1	-1
34104.9	23953.7	2044.33	504.693	204.948	18554.4	211.485	211.485	575.887	326.867	307.44	885.418	344.939	273.653	844.33	6	214	151	8	212	216	149	153	5	11	672	171.809	42.4771	0.552123	1	1	-1
34096.8	27061.3	4806.11	506.95	204.731	19415	209.098	209.098	588.372	324.4	326.026	901.519	336.822	341.303	906.11	6	214	170	17	212	216	168	172	14	20	680	180.432	42.9401	0.558141	1	1	-1
34004.9	34406.4	2659.41	496.386	197.482	19276.5	220.692	220.692	593.68	299.442	321.363	889.266	244.928	326.434	859.412	6	214	216	10	212	216	214	218	7	13	649	161.199	41.9149	0.544815	1	1	-1
34436.7	20911.8	2859.69	487.785	199.75	20980.3	218.583	218.583	593.71	329.881	306.943	942.259	356.655	271.793	1059.69	7	216	132	10	214	218	130	134	7	13	647	161.814	41.4877	0.539261	1	1	-1
34350	27994.2	2746.19	491.804	203.821	18304.8	214.365	214.365	583.302	306.797	317.926	913.428	269.965	314.168	946.189	6	216	176	10	214	218	174	178	7	13	643	167.686	41.3447	0.537403	1	1	-1
34392.4	31089.4	4190.89	461.042	237.22	223715	196.371	196.371	658.969	321.27	330.239	911.692	312.445	369.44	890.886	9	216	195	15	214	218	193	197	12	18	718	170.305	44.5431	0.578977	1	1	-1
34552.2	30872.4	5682.47	462.589	222.255	204504	208.878	208.878	672.462	315.609	320.777	884.747	312.228	312.448	882.469	9	217	194	20	215	219	192	196	17	23	667	172.498	43.3809	0.56387	1	1	-1
34844	39869.8	3303.09	481.743	198.161	21218.4	220.425	220.425	606.841	309.928	328.365	901.473	283.957	349.83	903.091	6	219	250	12	217	221	248	252	9	15	644	167.031	40.6435	0.528289	1	1	-1
35046.1	21944.4	3644.17	503.012	201.41	23405.3	212.909	212.909	592.962	321.207	326.575	912.256	326.105	344.391	944.166	6	220	138	13	218	222	136	140	10	16	678	179.44	43.016	0.559127	1	1	-1
35093.7	38824.2	5800.71	502.204	200.886	21709.2	215.69	215.69	587.581	334.633	304.953	926.398	373.73	264.228	1000.71	7	220	244	20	218	222	242	246	17	23	643	160.057	42.4776	0.552129	1	1	-1
35142.4	13274.2	5345.87	506.319	198.342	23977.4	216.855	216.855	588.534	303.675	319.06	885.756	262.378	314.166	845.871	6	221	84	19	219	223	82	86	16	22	643	170.042	42.6124	0.55388	1	1	-1
35234.7	30718.4	2622.14	494.27	207.389	27796.9	209.666	209.666	580.402	329.706	320.047	881.967	354.749	318.391	822.143	6	221	193	10	219	223	191	195	7	13	709	177.02	42.5085	0.552531	1	1	-1
35320.6	6116.22	3318.95	463.275	227.43	217801	214.744	214.744	563.265	314.618	334.746	898.344	280.578	356.22	918.948	8	222	39	12	220	224	37	41	9	15	675	157.797	41.0253	0.533251	1	1	-1
35454.7	35371.3	2264.53	491.404	210.923	48559.5	210.123	210.123	589.868	304.139	322.868	946.251	254.683	331.323	1064.53	7	223	222	8	221	225	220	224	5	11	677	161.135	41.8236	0.543628	1	1	-1
35893.7	6492.88	2841.22	464.036	218.598	166651	223.546	223.546	570.452	330.707	299.027	941.655	373.673	252.881	1041.22	8	225	42	10	223	227	40	44	7	13	639	150.132	40.737	0.529504	1	1	-1
35799	17606.1	4342.89	485.332	197.558	26341.2	222.417	222.417	592.446	308.569	321.174	857.892	279.042	326.116	742.894	7	225	111	16	223	227	109	113	13	19	660	161.867	40.2524	0.523206	1	1	-1
35818.9	27096	2976.5	495.233	199.595	21220.1	216.294	216.294	599.879	314.708	335.752	894.96	298.876	375.965	876.498	6	225	170	11	223	227	168	172	8	14	680	167.577	42.1894	0.548383	1	1	-1
35871.1	35342.6	4071.85	481.186	204.523	42082.8	217.897	217.897	619.467	327.16	314.931	863.394	351.071	302.575	771.849	7	225	222	15	223	227	220	224	12	18	684	165.789	41.2104	0.535658	1	1	-1
35801.1	36948.4	5470.89	514.359	201.48	22283.9	210.928	210.928	584.13	309.013	316.906	918.878	281.109	308.439	970.887	6	225	232	19	223	227	230	234	16	22	701	179.421	43.5148	0.565611	1	1	-1
36094.4	29705.7	4443.32	502.785	202.968	26013.1	213.092	213.092	586.933	301.816	306.085	883.3	254.398	265.749	843.316	6	227	187	16	225	229	185	189	13	19	660	162.049	42.8574	0.557066	1	1	-1
36267.8	5003.61	5324.1	478.548	203.493	59827	220.415	220.415	621.407	307.382	332.913	959.26	267.791	363.606	1124.1	8	228	32	18	226	230	30	34	15	21	636	154.953	40.8994	0.531616	1	1	-1
36380.7	33588.7	2093.13	509.685	201.424	21813.3	213.474	213.474	594.071	337.368	316.693	897.218	380.695	308.695	893.126	6	228	211	8	226	230	209	213	5	11	664	176.203	43.4117	0.564271	1	1	-1
36459.5	1899.47	7416.19	498.228	195.108	21509.7	220.782	220.782	602.609	314.366	314.092	877.254	299.452	299.473	816.193	6	229	13	26	227	231	11	15	23	29	643	170.881	41.9994	0.545913	1	1	-1
36575.6	5339.78	6923.9	466.041	225.911	152505	204.27	204.27	599.89	300.055	332.113	895.032	255.598	379.781	923.899	7	230	34	24	228	232	32	36	21	27	613	150.493	41.6236	0.541028	1	1	-1
36675.1	13564	1615.65	500.429	204.414	25993	212.94	212.94	576.935	329.681	310.505	930.428	355.101	284.032	1015.65	7	230	86	6	228	232	84	88	3	9	710	168.295	41.8812	0.544377	1	1	-1
36781.7	10523.8	4550.8	485.349	199.699	26069.1	218.09	218.09	597.01	315.238	310.09	913.259	301.674	283.758	950.804	6	231	67	16	229	233	65	69	13	19	674	168.699	40.9042	0.531678	1	1	-1
36979	21378.2	7031.76	491.969	202.037	20484.7	216.091	216.091	582.395	325.431	303.324	934.985	339.035	258.166	1031.76	6	232	135	24	230	234	133	137	21	27	647	159.816	41.2866	0.536648	1	1	-1
37251.1	4229.62	1984.5	497.671	197.597	19627.5	217.375	217.375	608.86	311.901	339.445	869.828	291.054	389.617	784.504	7	234	27	8	232	236	25	29	5	11	646	160.983	42.9804	0.558664	1	1	-1
37363.7	16897.1	4581.37	501.061	202.26	24309.1	215.864	215.864	581.589	299.852	303.349	922.544	243.666	257.077	981.374	7	235	107	16	233	237	105	109	13	19	644	151.471	43.5929	0.566625	1	1	-1
37582.3	24421.9	1945.26	504.358	199.624	24107	215.081	215.081	586.11	315.085	304.784	857.465	302.282	261.945	745.256	7	236	154	8	234	238	152	156	5	11	643	166.873	42.4521	0.551798	1	1	-1
37778.8	36776.6	4611.4	500.853	198.774	24369.2	216.068	216.068	598.95	325.143	313.295	929.182	338.823	296.615	1011.4	6	237	231	16	235	239	229	233	13	19	646	174.002	42.3551	0.550537	1	1	-1
38318.1	17562	5378.74	512.958	207.917	23067.6	207.734	207.734	567.941	297.874	309.487	896.328	238.138	281.971	878.742	6	241	111	19	239	243	109	113	16	22	687	166.907	46.3682	0.602699	1	1	-1
38542.1	11578.7	4377.82	498.9	199.468	24158.3	217.159	217.159	593.072	314.947	336	869.38	302.121	378.662	777.822	7	242	73	16	240	244	71	75	13	19	648	162.218	43.1655	0.56107	1	1	-1
38578.8	19742	6209.84	495.43	201.115	18972.9	214.463	214.463	593.654	325.231	336.759	876.559	338.845	382.021	809.837	6	242	124	22	240	244	122	126	19	25	644	165.051	42.167	0.548092	1	1	-1
38745.1	33902	4794.15	482.932	200.584	25071.4	219.419	219.419	607.439	327.244	314.872	897.515	345.116	302.035	894.148	6	243	213	17	241	245	211	215	14	20	671	167.753	41.5203	0.539686	1	1	-1
39273.7	17584	6307.13	485.761	202.993	26697.6	224.993	224.993	587.469	339.637	315.082	900.789	393.683	304.026	907.129	6	246	111	22	244	248	109	113	19	25	647	155.65	43.8888	0.570471	1	1	-1
39436.2	670.076	1505.16	501.578	201.066	17598.1	214.451	214.451	593.996	341.022	327.943	902.519	396.153	350.076	905.157	7	247	5	6	245	249	3	7	3	9	620	162.744	42.8316	0.55673	1	1	-1
39409.4	16848.5	6325.95	496.191	200.377	29497.3	221.463	221.463	604.268	333.347	333.522	907.567	369.363	368.452	925.955	6	247	106	22	245	249	104	108	19	25	637	162.426	43.1718	0.561152	1	1	-1
39451.6	11921.5	3640.58	489.554	199.866	16698.1	218.155	218.155	598.543	301.517	341.647	911.538	251.58	401.544	940.584	7	248	75	13	246	250	73	77	10	16	642	149.246	42.5846	0.553519	1	1	-1
39476	14037	1529.62	500.006	199.581	16430.4	216.086	216.086	587.877	308.125	308.212	907.688	276.048	277.024	929.615	6	248	89	6	246	250	87	91	3	9	669	166.351	42.121	0.547494	1	1	-1
39556.2	33936.2	3600.91	486.724	209.893	31147.8	211.294	211.294	590.156	328.636	324.369	901.742	356.216	336.231	900.905	6	248	213	13	246	250	211	215	10	16	659	170.704	43.1401	0.560741	1	1	-1
39586.3	37950	6953.2	539.964	130.733	735137	347.546	347.546	831.266	337.59	325.607	1001.26	386.286	349.995	1253.2	10	248	238	23	246	250	236	240	20	26	694	156.17	45.8524	0.595994	1	1	-1
39610.1	36804.3	5677.77	511.615	211.65	28099.8	205.666	205.666	572.708	300.975	321.439	895.83	250.058	324.265	877.766	6	249	231	20	247	251	229	233	17	23	667	172.865	44.003	0.571956	1	1	-1
39646.6	37515.8	7289.56	485.497	192.848	391193	259.942	259.942	684.215	310.618	338.52	842.729	286.597	395.788	689.561	9	249	235	26	247	251	233	237	23	29	677	163.322	42.2812	0.549576	1	1	-1
39606.2	38282.1	7237.06	537.728	198.088	304192	246.895	246.895	662.452	299.644	290.879	833.195	246.167	202.074	637.06	10	249	241	26	247	251	239	243	23	29	686	158.963	45.3933	0.590028	1	1	-1
39618	39585	2735.3	500.962	198.168	21264.1	216.605	216.605	599.266	302.849	337.584	909.637	257.977	385.02	935.302	6	249	248	10	247	251	246	250	7	13	648	157.336	43.0382	0.559415	1	1	-1
39835.6	29804.2	2569.56	484.823	212.041	35910.3	215.077	215.077	574.352	320.764	330.107	866.075	315.561	364.179	769.556	7	250	187	10	248	252	185	189	7	13	647	160.235	43.7923	0.569217	1	1	-1
39842	32767.2	7029.36	500.509	196.075	20452	220.081	220.081	597.911	320.205	311.157	935.341	322.006	287.156	1029.36	6	250	206	24	248	252	204	208	21	27	637	170.003	41.7931	0.543232	1	1	-1
40021.8	1377.97	7101.57	502.284	198.803	21439.8	218.125	218.125	586.444	325.627	303.047	875.096	341.79	257.971	801.567	6	251	10	25	249	253	8	12	22	28	679	161.912	42.271	0.549444	1	1	-1
40158.8	29001.5	2724.17	501.013	206.115	23358.6	214.358	214.358	576.348	319.058	331.993	905.655	318.835	361.459	924.17	6	252	182	10	250	254	180	184	7	13	693	175.307	42.6432	0.554281	1	1	-1
40135.6	31769.6	2095.15	514.509	204.594	18797.6	210.409	210.409	581.053	313.754	300.84	898.159	295.635	249.613	895.145	6	252	200	8	250	254	198	202	5	11	650	168.59	43.8783	0.570336	1	1	-1
SPOTS_END
