FISH-QUANT	v3a
File-version	3D_v1
RESULTS OF SPOT DETECTION PERFORMED ON 24-Sep-2021 
COMMENT	
IMG_Raw	Poiss_300spots_bg_200_0_I_10000_0_img2.tif
IMG_Filtered	
IMG_DAPI	
IMG_TS_label	
FILE_settings	Poiss_300spots_bg_200_0_I_10000_0_img2__settings_MATURE.txt
PARAMETERS
Pix-XY	Pix-Z	RI	Ex	Em	NA	Type
160	300	1.33	547	583	1.4	widefield
CELL_START	EntireImage
X_POS	1	1	256	256	
Y_POS	1	256	256	1	
Z_POS	
CELL_END
SPOTS_START
Pos_Y	Pos_X	Pos_Z	AMP	BGD	RES	SigmaX	SigmaY	SigmaZ	Cent_Y	Cent_X	Cent_Z	MuY	MuX	MuZ	ITERY_det	Y_det	X_det	Z_det	Y_min	Y_max	X_min	X_max	Z_min	Z_max	INT_raw	INT_filt	SC_det	SC_det_norm	TH_det	TH_fit	IN_nuc
824.89	2578.35	5478.23	503.625	200.922	18510.7	213.152	213.152	597.446	326.713	325.443	921.184	344.89	338.353	978.227	6	6	17	19	4	8	15	19	16	22	673	177.518	42.6737	0.660916	1	1	-1
1149.51	39207.6	4862.1	493.456	195.058	24760.9	219.998	219.998	613.348	328.504	321.946	918.276	349.515	327.592	962.1	6	8	246	17	6	10	244	248	14	20	648	173.595	42.1526	0.652846	1	1	-1
1366.72	18503.4	6266.21	499.016	200.21	19817.3	216.727	216.727	598.572	343.718	304.337	891.861	406.717	263.448	866.208	7	9	117	22	7	11	115	119	19	25	649	155.69	43.2662	0.670093	1	1	-1
1474.37	34301.6	6069.3	496.74	201.505	22376.9	214.733	214.733	584.864	329.192	336.31	918.428	354.371	381.629	969.297	6	10	215	21	8	12	213	217	18	24	663	160.799	42.0487	0.651236	1	1	-1
1604.82	20038.3	7362.34	488.794	196.155	18653.6	220.1	220.1	609.755	321.124	331.249	864.437	324.816	358.313	762.34	6	11	126	26	9	13	124	128	23	29	630	165.771	41.4063	0.641286	1	1	-1
1891	39611.6	2928.32	495.488	200.111	20891.8	217.076	217.076	592.604	312.007	300.885	880.504	291	251.568	828.321	7	13	249	11	11	15	247	251	8	14	642	162.123	42.038	0.651071	1	1	-1
2168.09	20864.6	2409.39	500.474	199.738	27511.8	214.697	214.697	598.662	300.531	337.847	901.908	248.086	384.632	909.394	6	15	131	9	13	17	129	133	6	12	630	155.092	43.3025	0.670654	1	1	-1
2404.6	16292.6	5903.32	499.092	198.657	19334.2	214.595	214.595	605.639	321.488	311.929	874.07	324.598	292.593	803.32	6	16	103	21	14	18	101	105	18	24	671	175.658	42.4319	0.657171	1	1	-1
2322.66	24163	2990.14	499.608	197.402	20324.8	218.827	218.827	592.692	298.688	320.872	897.504	242.664	323.027	890.141	6	16	152	11	14	18	150	154	8	14	626	158.995	42.3588	0.656039	1	1	-1
2446.43	38021.4	1839.92	478.991	195.369	32787.4	224.624	224.624	627.235	333.45	303.859	912.762	366.425	261.384	939.922	7	16	239	7	14	18	237	241	4	10	627	157.219	41.7289	0.646284	1	1	-1
2774.6	32223.8	6403.52	492.326	202.431	23348.4	216.481	216.481	576.95	334.421	337.294	926.403	374.598	383.785	1003.52	6	18	202	22	16	20	200	204	19	25	641	155.963	41.5289	0.643186	1	1	-1
2881.77	33071.8	4484.1	501.474	202.603	18038.4	210.727	210.727	590.859	320.434	306.314	895.781	321.769	271.751	884.099	6	19	208	16	17	21	206	210	13	19	655	174.62	42.6916	0.661193	1	1	-1
2956.16	2475.93	2873.65	480.95	198.372	19780.8	220.645	220.645	597.946	298.417	297.929	867.105	236.163	235.927	773.654	7	20	17	11	18	22	15	19	8	14	603	140.759	41.4685	0.642251	1	1	-1
3136.46	38044.8	2995.92	494.986	202.584	29373.2	217.81	217.81	596.07	302.008	310.155	897.359	256.458	284.788	895.92	6	21	239	11	19	23	237	241	8	14	654	165.056	42.4816	0.657941	1	1	-1
3641.14	25846.3	3812.39	513.628	185.505	374036	292.577	292.577	632.797	349.719	336.961	961.711	441.142	406.293	1112.39	9	23	162	13	21	25	160	164	10	16	667	129.158	41.5881	0.644102	1	1	-1
3492.02	28431.8	6223.62	496.649	200.804	22881.3	215.365	215.365	596.743	311.831	306.778	880.213	292.02	271.782	823.62	6	23	179	22	21	25	177	181	19	25	668	169.07	42.1595	0.652953	1	1	-1
3717.65	26124.8	3984.13	500.134	217.31	417266	261.637	261.637	584.3	332.487	294.206	930.161	357.651	204.844	984.126	9	24	165	14	22	26	163	167	11	17	667	128.27	40.2824	0.62388	1	1	-1
3650.39	37081.8	6222.09	489.632	196.739	21925	220.162	220.162	602.261	311.653	309.35	881.722	290.388	281.758	822.095	6	24	233	22	22	26	231	235	19	25	642	162.234	41.3637	0.640627	1	1	-1
3890.79	13415.4	2787.34	508.12	203.86	23280	211.029	211.029	579.03	333.483	313.446	921.742	370.786	295.384	987.338	7	25	85	10	23	27	83	87	7	13	655	170.798	42.9401	0.665042	1	1	-1
3993.24	1109.22	2047.9	493.786	200.009	17250.8	216.354	216.354	589.079	317.852	316.865	887.625	313.242	309.225	847.901	6	26	8	8	24	28	6	10	5	11	681	173.076	41.3648	0.640644	1	1	-1
4058.03	29129.3	2961.17	510.456	200.326	24415.6	214.51	214.51	587.447	335.846	322.65	888.3	378.027	329.325	861.172	6	26	183	11	24	28	181	185	8	14	707	170.033	43.2707	0.670162	1	1	-1
4117	26862.6	4757.15	453.359	268.269	412570	195.18	195.18	487.53	316.533	321.861	898.728	277.001	302.644	857.155	9	27	169	17	25	29	167	171	14	20	650	149.823	39.2134	0.607324	1	1	-1
4380.9	3050.99	1792.33	499.31	203.571	23602.4	212.566	212.566	592.921	337.015	323.496	898.821	380.9	330.987	892.327	6	28	20	7	26	30	18	22	4	10	659	171.682	42.6173	0.660042	1	1	-1
4272.29	22840	5385.52	506.507	201.201	23578.2	213.577	213.577	588.941	306.503	309.353	896.506	272.287	280.02	885.523	6	28	144	19	26	30	142	146	16	22	636	167.394	42.8753	0.664039	1	1	-1
4516.09	4367.34	6372.63	500.298	201.215	23954.7	216.017	216.017	585.135	330.296	333.356	918.541	356.091	367.337	972.627	6	29	28	22	27	31	26	30	19	25	648	168.136	42.1109	0.652199	1	1	-1
4562.5	15535.4	6330.57	500.166	198.496	24826.8	217.264	217.264	591.325	342.812	324.005	908.655	402.503	335.396	930.568	6	29	98	22	27	31	96	100	19	25	659	159.033	42.3518	0.655931	1	1	-1
4604.77	17419	3302.21	495.162	197.085	18356.6	218.754	218.754	604.96	309.77	314.69	901.178	284.766	298.956	902.21	6	30	110	12	28	32	108	112	9	15	635	169.775	41.8759	0.648561	1	1	-1
4654.55	27232.3	5276.88	464.218	238.676	326877	214.155	214.155	532.838	317.432	322.875	857.926	334.553	352.298	776.879	10	30	171	19	28	32	169	173	16	22	655	155.058	40.7402	0.630971	1	1	-1
4595.49	28087	2095.1	495.697	198.139	24775	218.421	218.421	587.475	307.612	300.223	897.668	275.489	247.028	895.096	6	30	177	8	28	32	175	179	5	11	613	155.199	42.4964	0.65817	1	1	-1
4863.38	5993.76	3699.19	488.075	199.149	20850.6	220.431	220.431	594.058	336.677	339.938	926.787	383.376	393.763	999.192	7	31	38	13	29	33	36	40	10	16	618	150.609	41.3739	0.640784	1	1	-1
5000.18	25867	4315.22	488.104	196.434	19808.9	221.685	221.685	600.936	331.333	305.713	930.098	360.184	266.993	1015.22	7	32	163	15	30	34	161	165	12	18	622	154.77	41.654	0.645124	1	1	-1
5455.17	17412.3	6390.98	501.595	204.029	19863.7	211.729	211.729	585.668	323.794	312.334	922.605	335.173	292.337	990.978	6	35	110	22	33	37	108	112	19	25	662	172.39	42.2981	0.655098	1	1	-1
5665.53	36858	5630.95	609.031	201.919	594333	267.042	267.042	633.668	338.212	333.257	881.572	385.532	377.973	830.947	9	36	231	20	34	38	229	233	17	23	762	174.163	52.6831	0.815938	1	1	-1
5744.27	2377.91	5215.55	494.4	199.971	22342.6	215.808	215.808	593.741	315.343	313.96	852.775	304.268	297.913	715.547	7	37	16	19	35	39	14	18	16	22	643	167.946	41.6535	0.645115	1	1	-1
5818.96	9362.69	4275.24	482.598	185.341	531669	254.251	254.251	806.304	337.78	343.558	917.62	378.957	402.694	975.244	10	37	59	15	35	39	57	61	12	18	698	172.745	47.1907	0.730873	1	1	-1
5967.96	6901.93	5948.72	500.267	201.341	24535.6	215.11	215.11	593.512	333.632	325.484	886.994	367.958	341.932	848.715	6	38	44	21	36	40	42	46	18	24	663	170.434	42.4369	0.657249	1	1	-1
5886.51	9645.49	4978.91	487.55	195.152	292107	240.956	240.956	730.568	310.21	289.031	871.912	286.509	205.494	778.912	9	38	62	18	36	40	60	64	15	21	660	163.843	44.669	0.691818	1	1	-1
6029.23	38709.6	3092.61	502.116	201.475	19593	214.295	214.295	581.646	306.439	316.67	924.007	269.227	309.601	992.614	6	39	243	11	37	41	241	245	8	14	642	167.54	42.165	0.653038	1	1	-1
6298.9	11386.8	2465.82	491.346	197.517	20203.5	219.394	219.394	604.315	336.139	326.851	918.281	378.899	346.801	965.823	6	40	72	9	38	42	70	74	6	12	636	164.49	42.2231	0.653937	1	1	-1
6235.9	17133.9	3168.11	500.947	201.932	21326.4	214.363	214.363	581.781	318.38	324.198	864.068	315.899	333.869	768.106	7	40	108	12	38	42	106	110	9	15	660	173.637	41.8729	0.648513	1	1	-1
6610.96	13358.2	6521.04	518.138	201.676	23928.6	210.81	210.81	590.493	333.802	341.737	879.316	370.963	398.178	821.036	7	42	84	23	40	44	82	86	20	26	665	159.098	44.7191	0.692595	1	1	-1
6678.12	35071.7	2909.02	498.251	200.533	21238.7	216.462	216.462	589.325	309.022	328.814	876.804	278.119	351.713	809.02	6	43	220	11	41	45	218	222	8	14	661	165.481	42.0836	0.651777	1	1	-1
6921.82	7770.97	5351.66	491.226	198.213	21969.9	219.525	219.525	600.361	331.846	301.53	886.754	361.824	250.969	851.658	6	44	50	19	42	46	48	52	16	22	637	156.816	42.1926	0.653465	1	1	-1
6911.21	21310.9	1720.68	497.924	196.838	25270.8	218.674	218.674	600.93	328.251	328.543	880.136	351.208	350.862	820.676	6	44	134	7	42	46	132	136	4	10	652	166.825	42.0895	0.651869	1	1	-1
7043.44	6932.17	4207.09	487.58	199.825	26656.5	218.449	218.449	597.98	320.533	334.278	903.008	323.437	372.172	907.089	6	45	44	15	43	47	42	46	12	18	634	166.328	41.7574	0.646725	1	1	-1
7110.33	35778.2	5056.61	511.734	198.445	22296.1	215.19	215.19	598.1	339.307	302.68	887.595	390.329	258.17	856.61	6	45	225	18	43	47	223	227	15	21	656	160.242	44.25	0.68533	1	1	-1
7242	11120.2	2472.78	493.505	203.553	21902.1	215.27	215.27	588.476	330.672	298.963	918.871	361.998	240.179	972.776	6	46	71	9	44	48	69	73	6	12	641	155.787	44.9437	0.696074	1	1	-1
7200.85	32437.3	3337.13	489.879	197.542	21613.1	218.697	218.697	607.984	320.205	308.15	909.069	320.853	277.278	937.132	6	46	204	12	44	48	202	206	9	15	656	166.781	41.9181	0.649214	1	1	-1
7490.88	14404.5	6637.48	506.335	202.959	19443.1	211.582	211.582	588.687	312.286	321.548	908.681	290.879	324.481	937.477	6	48	91	23	46	50	89	93	20	26	686	178.294	42.8199	0.66318	1	1	-1
7626.75	30850	3651.99	501.987	196.741	21798.2	218.152	218.152	601.63	304.794	311.815	913.185	266.755	290.026	951.99	6	49	194	13	47	51	192	196	10	16	679	169.089	42.6972	0.66128	1	1	-1
7881.55	12469.1	2800.45	506.605	200.597	18106.4	215.517	215.517	585.352	331.178	317.123	926.088	361.553	309.149	1000.45	6	50	79	10	48	52	77	81	7	13	662	172.71	42.4731	0.657809	1	1	-1
8216.84	32256.1	4621.54	499.211	203.61	22774.2	214.423	214.423	587.504	334.597	302.624	931.615	376.841	256.132	1021.54	7	52	203	16	50	54	201	205	13	19	626	158.486	43.4362	0.672725	1	1	-1
8392.48	9010.44	2802.15	503.899	201.468	22365.4	213.657	213.657	593.322	339.343	333.593	849.053	392.48	370.436	702.155	7	53	57	11	51	55	55	59	8	14	660	155.144	43.2142	0.669287	1	1	-1
8532.79	2010.88	6859.76	501.235	201.272	23273.7	214.635	214.635	591.593	334.297	300.854	889.205	372.791	250.877	859.755	6	54	14	24	52	56	12	16	21	27	635	160.497	42.8543	0.663713	1	1	-1
8519.83	32625.9	7105.1	493.398	200.058	26455.6	217.866	217.866	593.072	330.82	315.9	874.411	359.827	305.906	805.105	6	54	205	25	52	56	203	207	22	28	677	167.61	41.5663	0.643765	1	1	-1
8608.09	7113.04	3987.85	506.789	204.669	21527.7	211.667	211.667	570.905	311.054	340.125	921.332	288.095	393.039	987.852	7	55	45	14	53	57	43	47	11	17	662	166.013	42.5982	0.659746	1	1	-1
8782	25804.9	6295.19	499.866	203.335	27261.1	212.87	212.87	587.111	315.206	332.498	899.428	301.995	364.896	895.195	6	56	162	22	54	58	160	164	19	25	689	171.738	42.2698	0.654661	1	1	-1
9019.9	28245.4	6645.85	507.424	202.976	18484	213.228	213.228	581.749	335.669	299.64	911.141	379.897	245.427	945.847	6	57	178	23	55	59	176	180	20	26	658	156.781	43.374	0.671762	1	1	-1
8933.89	30637	7312.93	494.777	198.634	18028.5	216.985	216.985	602.012	312.929	297.182	928.713	293.889	237.016	1012.93	6	57	193	25	55	59	191	195	22	28	652	158.539	42.9731	0.665553	1	1	-1
9114.55	1008.24	7036.38	502.935	202.556	17588	212.467	212.467	588.842	318.459	333.155	934.552	314.549	368.237	1036.38	6	58	7	24	56	60	5	9	21	27	682	169.971	42.7955	0.662802	1	1	-1
9368.46	3461.9	6767.39	499.859	199.376	18124.2	216.007	216.007	602.728	300.914	303.968	865.412	248.458	261.899	767.395	7	60	23	24	58	62	21	25	21	27	640	154.295	43.0423	0.666625	1	1	-1
9367.14	32064.3	5959.37	484.935	201.22	19317.7	216.932	216.932	595.2	301.079	337.54	888.543	247.138	384.267	859.374	7	60	201	21	58	62	199	203	18	24	610	150.472	41.6503	0.645066	1	1	-1
9897.54	8734.33	6109.8	487.734	195.769	20071.7	219.837	219.837	616.214	313.187	302.425	928.751	297.537	254.334	1009.8	6	63	56	21	61	65	54	58	18	24	638	158.856	41.8167	0.647644	1	1	-1
9929.48	30018.8	6873.22	497.526	198.379	18728.1	217.664	217.664	598.097	322.503	303.457	892.918	329.482	258.83	873.217	6	63	189	24	61	65	187	191	21	27	641	166.005	42.8184	0.663158	1	1	-1
10155.3	20572.9	6698.89	499.019	198.866	25203.5	218.512	218.512	591.518	339.906	301.962	926.764	395.267	252.877	998.889	7	64	130	23	62	66	128	132	20	26	631	150.026	42.7694	0.662398	1	1	-1
10305.9	33511.6	5418.04	505.021	198.545	24238.2	216.15	216.15	601.41	338.034	340.11	905.302	385.907	391.613	918.041	7	65	210	19	63	67	208	212	16	22	609	159.754	43.283	0.670353	1	1	-1
10464.7	13941.6	4286.84	491.727	207.882	58841.5	215.096	215.096	584.749	338.373	323.914	928.274	384.692	341.64	986.839	7	66	88	15	64	68	86	90	12	18	658	167.946	42.3474	0.655863	1	1	-1
10510.9	13306.9	5651.49	488.144	203.56	42892.2	217.93	217.93	604.011	306.185	328.155	882.864	270.907	346.858	851.494	7	67	84	20	65	69	82	86	17	23	679	167.513	42.0138	0.650695	1	1	-1
10589.5	34314	5920.15	509.394	204.15	23887.4	210.556	210.556	586.901	327.182	296.183	878.919	349.475	233.984	820.153	6	67	216	21	65	69	214	218	18	24	668	162.727	43.738	0.677399	1	1	-1
10800.1	5568.18	4759.77	504.303	196.347	23077.4	218.305	218.305	591.889	342.057	311.351	888.184	400.082	288.18	859.767	6	68	36	17	66	70	34	38	14	20	647	160.048	42.941	0.665057	1	1	-1
11009.6	35996.6	3126.06	501.154	195.15	22796	220.922	220.922	601.33	311.322	319.527	933.889	289.554	316.638	1026.06	6	70	226	11	68	72	224	228	8	14	649	169.857	41.9556	0.649794	1	1	-1
11275.2	21260.7	3163.09	496.269	199.887	18760.2	216.445	216.445	598.227	339.975	314.668	863.122	395.231	300.669	763.093	6	71	134	12	69	73	132	136	9	15	652	158.585	42.3172	0.655394	1	1	-1
11429.8	4370.96	7269.22	510.292	192.576	88334.5	249.121	249.121	606.881	338.875	334.548	920.371	389.763	370.955	969.22	7	72	28	25	70	74	26	30	22	28	694	156.956	40.3379	0.62474	1	1	-1
11307.2	23882.8	1716.41	488.263	195.019	16864.7	222.972	222.972	608.016	305.68	331.723	878.056	267.235	362.77	816.408	6	72	150	7	70	74	148	152	4	10	629	157.492	41.4453	0.641891	1	1	-1
11729.8	18427.4	2199.9	493.47	200.165	21128.4	214.909	214.909	604.587	333.375	328.05	926.257	369.79	347.448	999.898	6	74	116	8	72	76	114	118	5	11	634	166.399	42.1134	0.652239	1	1	-1
11700.5	32125.1	2651.97	502.672	197.003	21594.6	217.405	217.405	598.153	325.796	309.908	888.676	340.477	285.102	851.969	6	74	202	10	72	76	200	204	7	13	649	173.762	42.541	0.658861	1	1	-1
11699.1	36277.6	6366.6	497.894	198.401	21226.1	218.427	218.427	594.735	325.029	308.201	917.814	339.066	277.567	966.596	6	74	228	22	72	76	226	230	19	25	644	168.418	42.0209	0.650805	1	1	-1
11919.3	4353.29	7335.9	504.509	190.828	83296.9	247.277	247.277	616.229	298.687	329.581	851.371	239.323	353.294	735.903	7	76	28	26	74	78	26	30	23	29	666	151.653	39.3065	0.608766	1	1	-1
12138.2	26111	6956.57	505.307	202.104	23229.8	213.273	213.273	593.676	313.854	328.634	915.64	298.167	351.034	956.572	6	77	164	24	75	79	162	166	21	27	685	176.287	42.8501	0.663648	1	1	-1
12633.1	5678.58	2014.5	492.073	196.614	23075.8	224.02	224.02	610.981	318.373	341.467	876.999	313.096	398.584	814.496	6	80	36	8	78	82	34	38	5	11	668	158.672	41.3071	0.63975	1	1	-1
12586.6	6400.06	1690.46	478.945	202.116	48047.2	228.521	228.521	600.608	305.721	318.725	951.989	266.609	320.06	1090.46	7	80	41	6	78	82	39	43	3	9	643	157.434	42.3106	0.655292	1	1	-1
12659.4	11252.7	3386.83	482.693	197.865	22748.1	221.225	221.225	605.456	325.437	334.283	922.876	339.411	372.7	986.83	6	80	71	12	78	82	69	73	9	15	628	158.695	40.9038	0.633504	1	1	-1
12696.8	34862.5	7095.22	487.819	199.272	23303.9	218.349	218.349	596.874	335.314	314.359	870.988	376.827	302.515	795.222	6	80	219	25	78	82	217	221	22	28	637	165.195	41.4025	0.641229	1	1	-1
12802	15054.3	3884.46	501.532	204.222	21852.1	213.377	213.377	582.058	320.752	324.013	895.953	321.99	334.349	884.463	6	81	95	14	79	83	93	97	11	17	660	180.847	42.2323	0.654079	1	1	-1
12790.4	20769.4	7386.45	492.53	203.78	22820.1	212.625	212.625	597.757	317.784	311.955	872.033	310.389	289.43	786.45	6	81	131	26	79	83	129	133	23	29	661	170.562	41.6776	0.645489	1	1	-1
13306.5	4282.6	5439.22	481.629	208.219	40875.8	211.129	211.129	622.91	328.047	308.76	905.715	346.543	282.602	939.221	7	84	28	19	82	86	26	30	16	22	667	169.119	41.9282	0.649369	1	1	-1
13358.1	16055.2	4156.2	499.957	202.929	21920.3	213.032	213.032	584.691	340.9	334.711	888.08	398.091	375.209	856.2	6	84	101	15	82	86	99	103	12	18	648	155.805	44.2765	0.68574	1	1	-1
13472.4	23318.9	4887.33	499.607	205.881	33805.9	215.197	215.197	578.839	329.471	309.503	925.213	352.448	278.862	987.333	6	85	147	17	83	87	145	149	14	20	686	166.911	42.7313	0.661808	1	1	-1
13412.5	29631.5	2764.97	495.91	192.207	21803.3	223.859	223.859	606.27	312.148	328.492	916.151	292.546	351.504	964.975	6	85	186	10	83	87	184	188	7	13	631	165.955	41.5041	0.642802	1	1	-1
13602.1	4085.66	3434.99	510.671	204.978	31970.6	211.39	211.39	596.094	320.599	344.293	936.831	322.068	405.657	1034.99	7	86	26	12	84	88	24	28	9	15	660	164.86	44.0145	0.681682	1	1	-1
13672.1	10810.1	4650.28	507.928	203.808	19312.8	210.937	210.937	579.635	339.176	301.6	860.822	392.086	250.114	750.283	7	86	69	17	84	88	67	71	14	20	619	151.285	43.9757	0.681082	1	1	-1
13980.5	39195.2	5579.16	499.204	203.084	21684.2	215.089	215.089	578.698	336.644	318.648	866.947	380.52	315.25	779.16	7	88	246	20	86	90	244	248	17	23	685	167.836	41.6411	0.644924	1	1	-1
14208.2	17357.4	6539.67	496.112	197.254	19745.9	220.46	220.46	589.994	311.019	340.894	884.506	288.183	397.419	839.672	6	90	109	23	88	92	107	111	20	26	630	157.093	42.2544	0.654422	1	1	-1
14233.2	23690.4	5683.16	498.308	207.25	34644.4	213.507	213.507	584.317	316.612	321.958	892.361	313.176	330.444	883.161	6	90	149	20	88	92	147	151	17	23	708	176.908	43.2405	0.669695	1	1	-1
14196.3	36214.7	4498.94	483.884	194.157	19345.9	224.066	224.066	613.425	307.582	334.899	898.837	276.325	374.725	898.935	6	90	227	16	88	92	225	229	13	19	640	157.734	41.0903	0.636394	1	1	-1
14265.4	37977.1	2112.71	505.063	203.623	13866.7	211.25	211.25	584.677	327.197	335.842	903.656	345.449	377.12	912.715	6	90	238	8	88	92	236	240	5	11	661	174.25	42.8351	0.663415	1	1	-1
14607.2	3761.18	5227.78	494.009	198.439	23728.8	218.916	218.916	606.28	333.148	342.403	934.969	367.23	401.178	1027.78	7	92	24	18	90	94	22	26	15	21	653	154.866	42.9008	0.664433	1	1	-1
14753.6	17395.3	2196.85	500.254	200.033	22111.8	215.597	215.597	590.659	329.281	307.521	926.006	353.556	275.344	996.853	7	93	110	8	91	95	108	112	5	11	632	167.437	42.3899	0.65652	1	1	-1
14691.2	25114.6	4793.46	496.453	199.19	19114.1	216.643	216.643	600.805	311.909	318.822	897.528	291.243	314.589	893.458	6	93	158	17	91	95	156	160	14	20	644	173.591	41.9629	0.649908	1	1	-1
14833.4	4055.43	7323.39	477.372	212.258	51298.8	210.927	210.927	602.598	305.453	333.723	925.019	273.448	375.431	1023.39	7	94	26	25	92	96	24	28	22	28	637	158.183	41.3785	0.640856	1	1	-1
15239.5	11062.6	6447.64	489.737	201.313	23265.9	216.486	216.486	592.085	330.502	326.209	938.703	359.496	342.639	1047.64	6	96	70	22	94	98	68	72	19	25	664	164.748	41.2397	0.638707	1	1	-1
15436.7	17422.8	6328.84	529.122	191.757	189805	226.502	226.502	899.34	342.918	314.223	959.216	396.742	302.788	1228.84	9	97	110	21	95	99	108	112	18	24	697	186.904	53.4417	0.827687	1	1	-1
15301.6	22639.9	3260.61	489.707	200.212	19899	215.425	215.425	605.46	303.625	341.378	890.982	261.626	399.915	860.609	7	97	142	12	95	99	140	144	9	15	623	153.333	42.5373	0.658804	1	1	-1
15522.3	17426.3	6885.01	526.711	179.838	251221	235.935	235.935	1054.25	321.705	315.331	850.431	322.32	306.256	585.007	10	98	110	25	96	100	108	112	22	28	676	188.704	53.2488	0.824699	1	1	-1
15725	36331.7	6306.79	496.113	199.988	22012.9	216.356	216.356	596.379	332.555	322.759	901.169	364.995	331.673	906.791	6	99	228	22	97	101	226	230	19	25	663	168.506	41.9298	0.649395	1	1	-1
16067.6	25168.1	7055.98	492.748	194.75	21065.1	220.901	220.901	608.967	338.362	333.306	862.237	387.596	368.138	755.984	7	101	158	25	99	103	156	160	22	28	637	153.397	42.1999	0.653578	1	1	-1
16158.8	1750.18	4663.5	501.815	198.823	15932.6	214.758	214.758	592.429	319.679	317.31	943.878	318.834	310.18	1063.5	6	102	12	16	100	104	10	14	13	19	662	175.273	42.2123	0.653771	1	1	-1
16292.3	8325.61	3856.1	487.75	204.502	37410.3	216.701	216.701	595.366	313.709	322.807	886.02	292.309	325.605	856.1	6	103	53	14	101	105	51	55	11	17	634	166.84	43.2786	0.670284	1	1	-1
16542.4	14387.2	6601.42	495.089	200.52	17977.1	214.607	214.607	599.966	337.116	316.939	900.517	382.436	307.153	901.425	6	104	91	23	102	106	89	93	20	26	672	167.481	42.2282	0.654017	1	1	-1
16718.1	5682.59	1789.24	504.2	198.174	25887.6	218.19	218.19	585.888	297.783	299.149	896.125	238.058	242.592	889.238	7	106	37	7	104	108	35	39	4	10	653	148.377	43.2426	0.669727	1	1	-1
16876.7	16910.1	6097.76	494.383	198.474	21808.5	220.251	220.251	589.686	297.546	306.813	925.711	236.718	270.054	997.765	7	107	107	21	105	109	105	109	18	24	640	151.988	42.0877	0.65184	1	1	-1
17121.6	8471.29	3036.39	486.739	200.886	18509.8	219.384	219.384	595.876	320.314	317.235	910.202	321.557	311.286	936.391	6	108	54	11	106	110	52	56	8	14	673	170.694	42.4474	0.657411	1	1	-1
17200	30894.1	4278.05	518.635	181.833	454056	291.456	291.456	642.837	336.935	285.144	920.575	399.974	174.064	978.052	9	108	195	15	106	110	193	197	12	18	676	143.542	42.9831	0.665707	1	1	-1
17204.1	29119	2025.4	494.968	200.684	23535.6	215.023	215.023	592.6	299.271	320.232	880.65	244.098	318.969	825.402	6	109	183	8	107	111	181	185	5	11	641	161.698	42.3217	0.655464	1	1	-1
17532.8	14417.5	2595.53	488.349	200.658	24204.6	214.956	214.956	606.158	301.986	324.446	872.583	252.826	337.473	795.528	6	111	91	10	109	113	89	93	7	13	639	157.389	41.7943	0.647296	1	1	-1
18064	19966.2	5062.9	505.845	201.61	22748.7	214.85	214.85	585.367	315.355	310.508	889.506	304.025	286.172	862.897	6	114	126	18	112	116	124	128	15	21	692	174.759	42.4045	0.656747	1	1	-1
18145.5	38258.4	4162.89	496.523	195.773	21750.4	219.57	219.57	607.68	337.92	324.868	889.623	385.505	338.442	862.894	6	114	240	15	112	116	238	242	12	18	655	161.486	42.3221	0.655471	1	1	-1
18489.5	25357.7	3193.28	604.223	200.308	560509	251.122	251.122	714.592	342.146	294.572	946.449	409.484	237.746	1093.28	10	116	160	11	114	118	158	162	8	14	762	182.319	56.5738	0.876195	1	1	-1
18447.8	33680.1	6514.84	496.071	193.296	21811.1	220.674	220.674	615.269	333.392	298.065	876.754	367.813	240.144	814.842	7	116	212	23	114	118	210	214	20	26	622	151.768	43.6899	0.676654	1	1	-1
18635.4	34724.9	5352.28	508.896	197.348	23772.2	216.555	216.555	591.353	340.992	321.263	886.247	395.405	324.932	852.283	6	117	218	19	115	119	216	220	16	22	660	165.442	43.696	0.676749	1	1	-1
18778.9	26157	7202.97	501.318	197.67	17662.3	217.957	217.957	599.734	336.192	341.307	899.812	378.921	397.013	902.967	7	118	164	25	116	120	162	166	22	28	617	154.748	43.0001	0.665971	1	1	-1
18886.6	10601.8	2510.82	488.426	203.259	17036.5	216.179	216.179	582.092	321.428	331.114	929.794	326.61	361.835	1010.82	6	119	67	9	117	121	65	69	6	12	652	167.018	41.3463	0.640357	1	1	-1
18822.8	11511.8	2751.2	489.556	196.548	21319.9	221.516	221.516	609.901	304.317	316.985	913.779	262.796	311.787	951.199	6	119	73	10	117	121	71	75	7	13	649	162.64	43.0614	0.666921	1	1	-1
18834.3	15816.6	2957.57	489.467	203.922	20588.6	215.014	215.014	593.405	307.671	313.588	889.763	274.302	296.641	857.567	6	119	100	11	117	121	98	102	8	14	654	169.541	42.0463	0.6512	1	1	-1
18969.7	9537.72	4621.21	490.507	203.612	20907.6	215.152	215.152	599.469	301.984	303.062	931.989	249.717	257.722	1021.21	7	120	61	16	118	122	59	63	13	19	618	150.079	42.6575	0.660665	1	1	-1
18979.9	31240.4	2650.01	513.364	195.652	22868.2	218.387	218.387	599.522	302.927	331.691	885.641	259.851	360.418	850.01	6	120	196	10	118	122	194	198	7	13	669	170.04	43.9327	0.680415	1	1	-1
19396.9	23258.9	2899.15	491.047	200.541	24609.5	216.259	216.259	599.194	330.625	335.838	873.681	356.862	378.877	799.147	6	122	146	11	120	124	144	148	8	14	660	160.136	42.9983	0.665944	1	1	-1
19726.1	9372.47	6383.8	492.853	203.778	26067.4	216.277	216.277	585.789	331.727	302.255	919.227	366.062	252.47	983.799	7	124	60	22	122	126	58	62	19	25	630	156.654	42.6771	0.660969	1	1	-1
19648.3	15452.3	4556.3	504.293	206.318	27332.3	210.216	210.216	575.73	310.738	301.708	912.405	288.281	252.272	956.296	6	124	98	16	122	126	96	100	13	19	648	165.926	43.1092	0.667661	1	1	-1
19650.3	28195.4	5896.54	487.379	197.256	19144.2	220.454	220.454	606.456	312.301	329.612	872.419	290.296	355.366	796.545	6	124	177	21	122	126	175	179	18	24	651	163.324	41.1356	0.637095	1	1	-1
19863.5	990.251	3371.71	495.808	199.61	20124.5	215.18	215.18	602.043	326.729	328.28	918.586	343.484	350.251	971.706	6	125	7	12	123	127	5	9	9	15	675	171.99	42.0571	0.651367	1	1	-1
19896.7	39234.2	6432.8	491.948	196.72	19628.2	219.251	219.251	611.113	336.1	329.433	934.484	376.728	354.155	1032.8	7	125	246	22	123	127	244	248	19	25	657	161.922	42.1499	0.652803	1	1	-1
20062.6	5144.68	4634.92	502.16	197.583	19121.8	218.988	218.988	592.919	336.91	326.939	934.948	382.597	344.681	1034.92	6	126	33	16	124	128	31	35	13	19	664	162.688	42.3697	0.656208	1	1	-1
19950.9	6610.9	6319.44	492.035	195.472	23772.1	221.673	221.673	603.521	305.894	333.75	904.442	270.888	370.904	919.44	6	126	42	22	124	128	40	44	19	25	633	162.416	41.7407	0.646465	1	1	-1
20139.7	12728.2	2987.59	494.347	201.794	21888	215.443	215.443	589.831	314.647	300.589	896.93	299.673	248.236	887.588	6	127	81	11	125	129	79	83	8	14	648	164.951	41.9364	0.649497	1	1	-1
20326.6	2738.48	5695.08	507.036	206.288	24836.4	211.102	211.102	571.035	322.041	325.559	899.897	326.596	338.478	895.076	6	128	18	20	126	130	16	20	17	23	698	181.31	42.5391	0.658831	1	1	-1
20247.6	23038.8	3652.11	500.635	199.292	20991.8	217.738	217.738	590.324	300.082	319.786	912.012	247.644	318.772	952.109	6	128	145	13	126	130	143	147	10	16	646	162.231	42.4628	0.657649	1	1	-1
20290.5	26474.5	4406.39	491.58	214.086	43989.3	209.601	209.601	577.934	313.855	339.959	882.152	290.492	394.462	806.387	7	128	166	16	126	130	164	168	13	19	689	160.742	42.7686	0.662385	1	1	-1
20593.6	32955.3	3857.92	495.859	200.27	23299.6	217.076	217.076	595.91	306.685	318.457	888.834	273.573	315.315	857.923	6	130	207	14	128	132	205	209	11	17	709	170.087	41.7497	0.646606	1	1	-1
20864.8	19229.5	4142.96	492.279	196.768	17518.7	216.794	216.794	609.712	338.098	328.518	884.518	384.772	349.509	842.963	6	131	121	15	129	133	119	123	12	18	639	163.25	42.372	0.656243	1	1	-1
20966.3	26459.2	6104.04	460.11	205.207	185243	239.34	239.34	614.634	322.412	338.165	928.994	326.264	379.167	1004.04	8	132	166	21	130	134	164	168	18	24	638	153.59	38.5483	0.597023	1	1	-1
21193	2021.12	4299.43	507.597	203.421	18163.6	212.112	212.112	579.117	339.867	304.388	927.265	392.985	261.121	999.427	7	133	14	15	131	135	12	16	12	18	637	160.718	43.7972	0.678317	1	1	-1
21326.3	24945.4	4696.59	500.359	200.908	23818.2	215.786	215.786	585.561	332.669	315.875	952.486	366.328	305.412	1096.59	7	134	157	16	132	136	155	159	13	19	684	169.77	42.1036	0.652087	1	1	-1
21315.5	26947.6	6575.52	464.265	200.451	173424	242.72	242.72	618.425	326.916	293.108	888.595	355.504	227.574	875.519	9	134	170	23	132	136	168	172	20	26	632	144.213	38.9555	0.60333	1	1	-1
21971.3	28977.9	3133.55	504.372	201.132	22448.5	214.097	214.097	594.864	333.978	324.613	934.406	371.343	337.902	1033.55	7	138	182	11	136	140	180	184	8	14	645	166.754	42.7813	0.662583	1	1	-1
22083	26120.5	7407.49	510.906	198.676	18909.6	216.017	216.017	597.533	320.782	331.728	874.335	322.952	360.547	807.489	6	139	164	26	137	141	162	166	23	29	659	176.668	43.664	0.676254	1	1	-1
22128.1	33788.9	5492.44	498.822	200.202	22865.4	215.08	215.08	597.358	334.012	327.901	924.606	368.138	348.923	992.444	7	139	212	19	137	141	210	214	16	22	644	170.116	42.296	0.655066	1	1	-1
22281.5	7717.4	3316.45	469.544	211.154	384926	259.729	259.729	579.686	333.763	327.421	901.118	361.537	357.399	916.451	8	140	49	12	138	142	47	51	9	15	662	142.845	40.0052	0.619588	1	1	-1
22414	5796.55	4258.43	503.387	197.98	20468.6	216.46	216.46	599.049	323.699	329.838	916.781	334.044	356.553	958.432	6	141	37	15	139	143	35	39	12	18	642	175.526	42.6911	0.661185	1	1	-1
22409.4	37387.4	5309.63	637.696	213.188	441663	246.408	246.408	607.4	321.479	347.121	960.601	329.415	427.434	1109.63	9	141	234	18	139	143	232	236	15	21	821	188.354	54.1222	0.838227	1	1	-1
22571.3	28875.8	7501.65	503.239	205.449	19354.7	208.933	208.933	586.959	323.162	297.303	901.272	331.331	235.819	901.647	6	142	182	26	140	144	180	184	23	29	664	164.264	43.2757	0.670239	1	1	-1
22679.5	7542.52	3137.37	469.72	196.569	376736	272.535	272.535	600.399	308.698	327.205	941.773	279.512	342.524	1037.37	9	143	48	11	141	145	46	50	8	14	673	151.181	38.8041	0.600985	1	1	-1
22716.2	33641.4	3091.88	499.212	195.099	21207.3	218.846	218.846	610.495	318.739	331.409	925.7	316.195	361.439	991.882	6	143	211	11	141	145	209	213	8	14	648	170.498	42.7208	0.661646	1	1	-1
22919	11041.8	4529.87	495.648	197.325	23098	219.635	219.635	598.381	330.449	320.379	908.277	358.982	321.838	929.869	6	144	70	16	142	146	68	72	13	19	653	171.279	41.7147	0.646064	1	1	-1
23069	21684.9	3867.02	503.403	206.342	20944.7	209.215	209.215	580.636	328.731	299.872	892.11	349.02	244.885	867.015	6	145	137	14	143	147	135	139	11	17	695	166.152	43.1698	0.6686	1	1	-1
23116.6	32583.4	4418.4	507.919	201.701	15035.9	213.965	213.965	584.353	340.481	304.453	878.41	396.579	263.424	818.398	7	145	205	16	143	147	203	207	13	19	627	158.692	43.7863	0.678148	1	1	-1
23403.7	9919.02	3259.69	497.557	195.835	17671.5	219.898	219.898	602.342	331.915	320.263	889.019	363.712	319.016	859.691	6	147	63	12	145	149	61	65	9	15	643	168.372	42.0283	0.650921	1	1	-1
23379.9	14209.7	6719.47	488.62	193.863	24355.3	225.196	225.196	604.022	325.331	311.764	931.107	339.877	289.714	1019.47	6	147	90	23	145	149	88	92	20	26	645	162.869	40.7309	0.630827	1	1	-1
23651.6	15847	2228.6	488.898	202.156	23901.3	219.515	219.515	591.256	312.89	322.557	933.918	291.565	326.971	1028.6	6	149	100	8	147	151	98	102	5	11	670	166.563	43.4745	0.673319	1	1	-1
23982	20997.1	3261.37	487.461	200.6	20718.7	216.039	216.039	599.421	314.89	330.107	890.627	301.955	357.127	861.374	6	151	132	12	149	153	130	134	9	15	658	168.191	41.5312	0.643221	1	1	-1
24100.1	14196.6	3992.31	489.636	201.161	25573.7	218.049	218.049	592.146	304.172	307.824	923.514	260.072	276.597	992.315	6	152	90	14	150	154	88	92	11	17	661	160.834	41.3798	0.640876	1	1	-1
24186.7	19633.3	2647.51	489.651	199.135	19557.4	218.045	218.045	596.004	327.283	307.564	886.235	346.67	273.324	847.514	6	152	124	10	150	154	122	126	7	13	662	163.432	41.1399	0.637162	1	1	-1
24532.3	15944.1	2482.64	494.771	212.637	34054.5	212.573	212.573	565.485	333.543	305.402	921.4	372.26	264.098	982.644	7	154	101	9	152	156	99	103	6	12	638	160.532	46.0672	0.713473	1	1	-1
24700	10483.6	4113.16	497.233	202.618	21039.9	211.579	211.579	593.045	336.293	299.237	877.031	379.966	243.624	813.158	7	155	67	15	153	157	65	69	12	18	645	154.296	42.9399	0.665039	1	1	-1
24628.1	37646.4	5298.21	473.748	237.207	180946	194.087	194.087	597.997	321.597	329.946	892.684	308.112	366.357	798.209	8	155	236	19	153	157	234	238	16	22	689	168.437	43.0559	0.666835	1	1	-1
24784	34395.2	7463.41	495.475	197.03	21349.7	219.985	219.985	591.898	315.384	318.573	889.897	304.008	315.201	863.409	6	156	216	26	154	158	214	218	23	29	674	171.216	41.1646	0.637544	1	1	-1
24985.1	37454.4	6982.84	477.179	235.454	180746	196.379	196.379	595.208	322.893	326.432	905.573	345.137	334.435	982.836	7	157	235	24	155	159	233	237	21	27	661	171.431	42.8558	0.663736	1	1	-1
25164.1	6806.89	2927.38	650.533	219.918	373182	223.071	223.071	807.689	334.479	348.212	893.889	364.133	406.895	827.378	8	158	43	11	156	160	41	45	8	14	807	215.636	64.5675	1	1	1	-1
25166.8	17687.7	3735.43	495.775	197.182	21351.5	218.685	218.685	603.442	333.12	300.267	857.003	366.816	247.745	735.427	7	158	112	14	156	160	110	114	11	17	640	154.057	42.4286	0.657119	1	1	-1
25254.2	5503.7	6702.93	505.919	200.719	21698.9	213.365	213.365	590.29	313.375	337.955	927.224	294.162	383.704	1002.93	7	159	35	23	157	161	33	37	20	26	647	167.689	43.3796	0.671849	1	1	-1
25222.5	16562.8	2790.67	492.558	196.458	23519.8	222.538	222.538	604.127	304.187	299.107	923.136	262.461	242.791	990.674	7	159	105	10	157	161	103	107	7	13	625	149.732	42.6507	0.66056	1	1	-1
25384.5	6278.16	4841.5	487.738	217.926	125578	207.729	207.729	596.352	301.95	332.5	906.141	264.546	358.16	941.497	8	160	40	17	158	162	38	42	14	20	666	173.547	42.4329	0.657186	1	1	-1
25404	38634.6	6006.54	509.386	200.156	21072.2	211.59	211.59	593.66	310.232	340.669	901.807	284.05	394.586	906.541	6	160	242	21	158	162	240	244	18	24	667	165.695	44.2893	0.685938	1	1	-1
25561.9	3878.55	5132.04	501.265	199.776	25635.5	214.788	214.788	591.879	308.827	330.331	909.515	281.869	358.55	932.036	6	161	25	18	159	163	23	27	15	21	668	172.365	42.6232	0.660135	1	1	-1
25607	37979.6	1539.51	501.595	198.354	25115.3	215.948	215.948	597.382	322.046	336.937	908.551	326.961	379.631	939.512	6	161	238	6	159	163	236	240	3	9	656	167.228	42.964	0.665412	1	1	-1
25648.4	39942.3	6469.65	505.345	202.069	25085	213.496	213.496	587.989	333.147	304.432	945.232	368.43	262.261	1069.65	7	161	251	22	159	163	249	253	19	25	662	160.085	43.0976	0.667481	1	1	-1
26107.7	20946.1	4877.42	456.04	232.059	165934	206.039	206.039	576.012	325.644	321.18	906.242	347.692	306.132	977.422	7	164	132	17	162	166	130	134	14	20	639	157.687	40.2212	0.622932	1	1	-1
26021.4	21524.4	3646.18	489.835	208.206	49827.3	213.34	213.34	606.329	304.218	298.625	914.352	261.41	244.435	946.184	7	164	136	13	162	166	134	138	10	16	646	160.554	42.8279	0.663305	1	1	-1
26421.8	38751.8	2732.7	502.187	196.069	19193.9	218.947	218.947	598.171	326.029	328.713	907.481	341.838	351.771	932.698	6	166	243	10	164	168	241	245	7	13	636	169.221	42.7812	0.662581	1	1	-1
26631.8	31096.8	5955.7	506.137	202.298	22159.9	211.186	211.186	584.548	339.767	335.866	887.603	391.767	376.766	855.702	6	167	195	21	165	169	193	197	18	24	682	163.383	43.4403	0.67279	1	1	-1
26774.6	2885.71	2451.37	480.925	182.84	512098	251.867	251.867	965.483	335.965	321.214	854.728	374.617	325.705	651.37	10	168	19	10	166	170	17	21	7	13	676	169.565	49.1183	0.760729	1	1	-1
26893.2	2994.83	1787.19	504.116	184.778	351406	243.744	243.744	836.051	324.425	306.21	964.812	333.244	274.826	1187.19	10	169	20	6	167	171	18	22	3	9	681	181.721	48.9954	0.758824	1	1	-1
26813.8	39448.5	6852.73	491.91	200.264	18322.4	217.559	217.559	592.868	301.909	300.644	888.345	253.773	248.509	852.728	7	169	248	24	167	171	246	250	21	27	620	154.599	42.0769	0.651673	1	1	-1
27025	13489.5	4392.88	505.372	197.411	23921.4	216.992	216.992	595.774	315.676	333.923	869.851	305.006	369.541	792.878	6	170	85	16	168	172	83	87	13	19	701	172.952	42.7033	0.661374	1	1	-1
26976.2	22377.7	2996.3	489.96	201.442	33508	218.39	218.39	595.567	303.007	312.899	900.363	256.161	297.721	896.302	6	170	141	11	168	172	139	143	8	14	648	161.1	42.0058	0.650571	1	1	-1
27029.5	30006.1	2749.13	513.834	202.625	29105.6	212.405	212.405	572.709	316.354	300.31	912.652	309.542	246.112	949.132	7	170	189	10	168	172	187	191	7	13	642	167.617	43.3155	0.670856	1	1	-1
27437.7	10384.4	7170.24	509.642	203.002	23536.1	211.662	211.662	576.706	341.501	315.616	892.591	397.744	304.403	870.239	6	172	66	25	170	174	64	68	22	28	659	167.005	43.0489	0.666727	1	1	-1
27302.1	21710.4	4821.27	505.409	209.666	25141.2	208.781	208.781	570.219	304.21	306.931	901.713	262.098	270.408	921.273	6	172	137	17	170	174	135	139	14	20	638	164.242	43.5024	0.673751	1	1	-1
27512.6	16905.5	5570.65	494.607	195.421	21832.8	221.109	221.109	603.451	318.29	305.098	866.02	312.613	265.515	770.649	7	173	107	20	171	175	105	109	17	23	629	161.2	41.795	0.647307	1	1	-1
27602.3	4887.84	2222.86	501.222	201.468	19610.3	213.922	213.922	586.758	299.533	300.571	854.625	242.298	247.836	722.856	7	174	32	9	172	176	30	34	6	12	618	147.775	42.9712	0.665524	1	1	-1
27704.7	24748.1	2772.8	492.951	200.452	22296.9	219.124	219.124	585.058	326.806	305.753	918.321	344.703	268.099	972.803	6	174	156	10	172	176	154	158	7	13	661	163.919	41.3765	0.640825	1	1	-1
27690.7	36068.1	5414.89	506.815	199.805	21919.4	215.035	215.035	588.168	322.922	338.99	904.895	330.656	388.096	914.892	6	174	226	19	172	176	224	228	16	22	690	169.038	42.9351	0.664965	1	1	-1
27856.2	14452.9	6684.33	502.556	197.513	26665.5	217.369	217.369	600.978	323.989	334.658	922.414	336.196	372.853	984.33	6	175	91	23	173	177	89	93	20	26	648	164.966	42.5916	0.659644	1	1	-1
27850.9	14839.5	3489.52	577.476	196.676	614962	285.064	285.064	631.797	322.846	311.118	864.619	330.877	279.5	789.523	8	175	94	13	173	177	92	96	10	16	738	158.051	48.1768	0.746147	1	1	-1
27827.2	20272.9	6035.57	492.935	200.445	19237.6	215.918	215.918	600.345	316.83	306.956	910.3	307.214	272.91	935.574	6	175	128	21	173	177	126	130	18	24	681	170.759	41.7001	0.645838	1	1	-1
28043.3	27441.7	2461.8	492.221	202.128	21664.6	214.561	214.561	589.079	331.537	298.897	915.292	363.277	241.717	961.803	6	176	173	9	174	178	171	175	6	12	654	159.993	42.1488	0.652787	1	1	-1
28134.2	27879.8	6396.62	507.372	197.77	23907.4	217.163	217.163	591.074	312.776	330.786	925.599	294.218	359.826	996.62	6	177	175	22	175	179	173	177	19	25	661	168.836	42.5542	0.659065	1	1	-1
28389.7	18873.7	3338.43	485.262	193.473	20147.1	223.39	223.39	621.174	339.141	318.185	910.915	389.702	313.731	938.426	6	178	119	12	176	180	117	121	9	15	613	157.252	41.4793	0.642417	1	1	-1
28392.5	30097.8	5484.99	492.496	200.73	21131.2	215.798	215.798	590.73	339.149	324.667	921.708	392.495	337.817	984.992	6	178	189	19	176	180	187	191	16	22	641	158.055	41.8605	0.648321	1	1	-1
28418.1	12794.3	4562.71	502.229	198.919	22499.7	215.704	215.704	603.053	303.1	318.019	915.991	258.128	314.298	962.711	6	179	81	16	177	181	79	83	13	19	631	168.066	43.0188	0.666261	1	1	-1
28443.2	22225.9	4631.93	503.244	197.538	21953.8	217.168	217.168	601.534	309.822	315.688	935.67	283.233	305.862	1031.93	7	179	140	16	177	181	138	142	13	19	652	173.116	42.7868	0.662667	1	1	-1
28413.4	36981.9	3543.67	498.593	202.124	18896.2	213.612	213.612	593.233	301.489	326.052	884.601	253.433	341.9	843.665	6	179	232	13	177	181	230	234	10	16	663	168.076	42.5904	0.659626	1	1	-1
28666.3	24097	3665.05	497.056	199.535	26926.6	216.426	216.426	595.665	327.063	302.741	916.551	346.338	257.026	965.052	6	180	152	13	178	182	150	154	10	16	641	163.949	43.0066	0.666072	1	1	-1
29000.6	13317.6	2098.27	501.909	197.626	17086	219.01	219.01	599.635	330.838	330.502	900.129	360.575	357.585	898.275	6	182	84	8	180	184	82	86	5	11	649	167.539	42.5695	0.659302	1	1	-1
29211.3	19902.4	3115.8	510.798	203.673	54814.4	218.979	218.979	584.402	345.184	337.577	929.668	411.269	382.413	1015.8	7	183	125	11	181	185	123	127	8	14	648	156.888	42.3147	0.655356	1	1	-1
29124.2	21739.1	6534.99	505.742	201.619	23203.4	211.664	211.664	597.571	321.631	313.544	883.052	324.178	299.097	834.989	6	183	137	23	181	185	135	139	20	26	658	179.399	43.2202	0.66938	1	1	-1
29038.8	33688.9	2963.28	503.204	201.752	23164.9	214.514	214.514	592.153	298.087	301.026	892.444	238.75	248.856	863.28	7	183	212	11	181	185	210	214	8	14	648	150.194	43.8651	0.679368	1	1	-1
29387.1	8171.15	6784.26	500.419	204.237	22628	214.743	214.743	572.975	305.415	323.436	869.724	267.062	331.147	784.256	6	185	52	24	183	187	50	54	21	27	668	167.032	41.8196	0.647688	1	1	-1
29446.7	15604.5	1520.05	491.997	203.121	15242.1	214.002	214.002	590.179	321.548	300.059	905.021	326.71	244.497	920.048	6	185	99	6	183	187	97	101	3	9	641	161.639	41.7589	0.646747	1	1	-1
29424.9	35592.4	5395.23	487.992	206.329	83892.1	225.898	225.898	584.27	316.991	295.185	899.345	304.855	232.411	895.231	7	185	224	19	183	187	222	226	16	22	663	161.206	40.0143	0.619727	1	1	-1
29838.5	6802.67	1554.7	488.544	199.708	28453.1	218.967	218.967	592.41	340.914	342.116	913.924	398.535	402.671	954.697	7	187	43	6	185	189	41	45	3	9	623	144.609	42.0033	0.650533	1	1	-1
29825.1	13973	7331.95	501.372	203.051	23344	212.916	212.916	585.7	337.65	333.65	933.278	385.092	372.951	1031.95	7	187	88	25	185	189	86	90	22	28	638	158.711	42.6678	0.660824	1	1	-1
29818.5	16683	5377.56	499.608	195.825	19508.4	220.797	220.797	599.841	336.387	331.627	894.448	378.526	362.95	877.563	6	187	105	19	185	189	103	107	16	22	662	162.214	42.408	0.656802	1	1	-1
29786.5	20209.3	2704.54	459.9	252.694	330466	206.131	206.131	492.564	318.16	325.691	911.773	346.5	369.282	904.537	10	187	127	10	185	189	125	129	7	13	685	146.816	40.4308	0.626179	1	1	-1
29794.8	35060.6	5481.28	475.726	227.979	215179	220.452	220.452	533.573	324.787	330.592	921.475	354.753	340.613	981.284	8	187	220	19	185	189	218	222	16	22	679	160.082	40.6208	0.629122	1	1	-1
29874.4	33250.5	4997.63	468.629	212.133	250964	219.038	219.038	709.948	309.11	313.588	955.281	274.446	290.548	1097.63	10	188	209	17	186	190	207	211	14	20	669	160.348	44.875	0.69501	1	1	-1
30059.2	3233.65	2187.8	494.877	200.686	25947.8	214.912	214.912	599.872	314.014	328.805	923.357	299.155	353.652	987.804	6	189	21	8	187	191	19	23	5	11	645	169.267	41.9051	0.649012	1	1	-1
30022.5	13859.3	4553.59	491.685	199.748	18215.9	216.314	216.314	602.628	303.866	303.344	912.293	262.516	259.258	953.593	7	189	88	16	187	191	86	90	13	19	626	159.441	42.1916	0.653449	1	1	-1
30057.9	33410.1	6174.08	466.942	196.861	283087	231.906	231.906	787.67	311.888	309.679	868.188	297.872	290.061	774.081	10	189	210	22	187	191	208	212	19	25	686	176.881	45.2577	0.700936	1	1	-1
30203.1	5397.21	3944.34	514.464	199.793	19644.8	212.152	212.152	598.725	309.478	308.068	911.424	283.092	277.21	944.34	6	190	35	14	188	192	33	37	11	17	663	174.453	43.9993	0.681446	1	1	-1
30412.9	3333.94	5950.07	504.154	202.417	27033.3	213.956	213.956	583.891	323.983	312.605	888.077	332.91	293.94	850.065	6	191	22	21	189	193	20	24	18	24	695	174.476	42.1948	0.653499	1	1	-1
30328.6	27565.5	1540.85	495.028	205.299	18554.2	210.12	210.12	584.448	301.199	331.898	909.443	248.65	365.46	940.846	7	191	173	6	189	193	171	175	3	9	631	156.692	42.2752	0.654744	1	1	-1
30587.5	30081.2	5257.2	511.725	203.065	20622.9	210.691	210.691	577.24	327.683	319.942	861.367	347.483	321.245	757.199	6	192	189	19	190	194	187	191	16	22	700	180.408	42.9859	0.665752	1	1	-1
30962.8	39754.6	4784.18	504.247	202.049	21625.2	212.464	212.464	589.75	299.135	340.136	895.565	242.804	394.568	884.182	7	195	249	17	193	197	247	251	14	20	626	151.556	43.3846	0.671927	1	1	-1
31183.1	19995.8	5653.39	494.843	198.552	23098.1	216.682	216.682	591.164	315.626	318.875	886.782	303.084	315.836	853.39	6	196	126	20	194	198	124	128	17	23	651	173.151	41.4116	0.641369	1	1	-1
31404.8	10711.5	3888.68	485.097	203.275	18644.1	217.046	217.046	584.427	331.892	317.793	896.148	364.808	311.5	888.678	6	197	68	14	195	199	66	70	11	17	678	167.666	40.371	0.625253	1	1	-1
31426.1	22848	7237.9	498.616	202.688	22486.7	214.025	214.025	585.936	337.77	310.988	910.254	386.08	287.957	937.904	6	197	144	25	195	199	142	146	22	28	647	165.801	42.353	0.655949	1	1	-1
31602.1	9131.03	5865.15	515.326	205.391	21684.6	208.306	208.306	575.957	298.706	322.665	865.117	242.111	331.033	765.15	7	199	58	21	197	201	56	60	18	24	673	170.778	45.2249	0.700428	1	1	-1
31738.8	14153.6	3139.18	492.953	200.561	22495	216.177	216.177	589.351	335.298	339.931	935.813	378.825	393.557	1039.18	7	199	89	11	197	201	87	91	8	14	623	152.048	42.1182	0.652312	1	1	-1
31678.8	15961.3	3200.16	502.918	200.621	21274.8	214.49	214.49	590.062	319.637	309.05	873.176	318.818	281.299	800.157	6	199	101	12	197	201	99	103	9	15	693	175.978	42.4756	0.657848	1	1	-1
31661.9	22250.1	1671.71	501.633	202.059	21765.5	210.702	210.702	600.752	315.056	323.505	866.522	301.942	330.053	771.709	6	199	140	7	197	201	138	142	4	10	679	180.319	42.9238	0.664789	1	1	-1
31889.6	28113.7	3141.89	506.285	202.259	20965	212.424	212.424	587.177	333.748	307.071	936.709	369.646	273.749	1041.89	7	200	177	11	198	202	175	179	8	14	654	165.362	42.9032	0.66447	1	1	-1
31871.3	37312.5	3209.22	493.765	201.586	20831.2	215.464	215.464	589.586	328.23	329.417	875.3	351.261	352.46	809.222	6	200	234	12	198	202	232	236	9	15	678	170.467	41.4669	0.642226	1	1	-1
32161.6	30503.2	7475.43	495.698	198.937	19919.9	217.581	217.581	609.637	320.003	304.875	893.26	321.641	263.162	875.43	6	202	192	26	200	204	190	194	23	29	658	163.304	42.3673	0.65617	1	1	-1
32454.8	36087	5404.07	539.172	195.793	220644	245.315	245.315	686.585	353.322	344.08	973.064	454.778	407.04	1204.07	9	203	226	18	201	205	224	228	15	21	675	144.275	46.7587	0.724183	1	1	-1
32642.6	8785.81	6657.24	495.571	202.839	23395.2	214.659	214.659	581.178	321.04	316.194	915.988	322.569	305.808	957.243	6	205	56	23	203	207	54	58	20	26	683	176	43.0954	0.667447	1	1	-1
32598.6	20192.1	4059.42	497.333	198.922	18507.8	217.909	217.909	594.142	308.738	329.08	943.501	278.606	352.102	1059.42	7	205	127	14	203	207	125	129	11	17	653	167.018	41.7017	0.645861	1	1	-1
32663.8	34792.2	7008.64	492.392	200.056	21461	218.521	218.521	596.925	326.549	339.593	928.141	343.763	392.163	1008.64	7	205	218	24	203	207	216	220	21	27	631	155.224	41.8386	0.647982	1	1	-1
32800	9775	7065.85	492.92	196.013	22383.9	219.802	219.802	602.981	319.858	323.909	863.267	320.015	335.005	765.854	6	206	62	25	204	208	60	64	22	28	680	169.115	42.5291	0.658676	1	1	-1
32681.4	36124.5	5790.98	526.882	193.791	439798	254.746	254.746	726.101	289.902	310.68	850.911	201.384	284.536	690.982	9	206	227	21	204	208	225	229	18	24	692	166.715	47.428	0.734549	1	1	-1
33131.1	7092.86	3089.37	483.076	203.865	21166	217.967	217.967	596.025	323.886	333.801	920.596	331.114	372.858	989.368	7	208	45	11	206	210	43	47	8	14	630	158.569	42.9133	0.664627	1	1	-1
33141.8	38141.9	6067.71	505.113	204.73	24057.2	210.566	210.566	575.298	325.627	336.567	920.135	341.821	381.871	967.708	7	208	239	21	206	210	237	241	18	24	687	172.755	42.5831	0.659513	1	1	-1
33557.7	30071.7	1537.16	488.239	200.053	21645.7	217.355	217.355	601.196	308.647	317.634	908.982	277.697	311.691	937.158	6	211	189	6	209	213	187	191	3	9	626	168.314	41.2157	0.638334	1	1	-1
33920.4	6942.31	2356.96	497.307	207.215	26791.1	214.816	214.816	575.4	319.103	337.417	890.266	320.367	382.313	856.959	6	213	44	9	211	215	42	46	6	12	644	167.554	43.2258	0.669467	1	1	-1
33989	12546.7	2990.67	499.122	197.594	19561.6	219.028	219.028	588.699	338.857	337.883	897.502	388.989	386.653	890.667	6	213	79	11	211	215	77	81	8	14	641	153.219	42.4563	0.657548	1	1	-1
34289.6	1923.7	7002.53	491.475	198.387	24033.4	219.753	219.753	603.406	333.633	321.193	927.756	369.642	323.696	1002.53	6	215	13	24	213	217	11	15	21	27	657	168.819	41.5138	0.642952	1	1	-1
34350	24343	7105.56	505.228	204.633	17477.7	210.728	210.728	576.753	306.364	326.247	875.794	269.972	343.006	805.561	6	216	153	25	214	218	151	155	22	28	679	171.69	42.4939	0.658132	1	1	-1
34660.9	26643	4586.96	502.875	203.994	19396.2	213.483	213.483	579.2	304.365	299.123	920.956	260.901	243.033	986.958	7	218	168	16	216	220	166	170	13	19	638	153.333	42.8662	0.663898	1	1	-1
34794.8	38552.7	6423.19	510.148	203.381	18960.8	211.917	211.917	577.579	339.996	317.919	853.251	394.796	312.711	723.188	6	218	242	23	216	220	240	244	20	26	670	163.968	43.1002	0.667522	1	1	-1
35004.2	25613.9	2914.74	503.64	200.506	21337.4	216.121	216.121	587.696	310.453	323.686	876.177	284.193	333.89	814.738	6	220	161	11	218	222	159	163	8	14	678	173.509	42.3593	0.656047	1	1	-1
35016.1	26849.3	1512.15	497.699	201.471	17493.4	212.932	212.932	594.333	313.379	311.614	902.778	296.092	289.301	912.146	6	220	169	6	218	222	167	171	3	9	678	173.477	42.2115	0.653758	1	1	-1
34959.4	32891.5	4566.61	501.505	200.445	17012.6	216.838	216.838	577.548	298.109	301.728	915.872	239.423	251.493	966.609	7	220	207	16	218	222	205	209	13	19	623	151.72	42.8439	0.663553	1	1	-1
35241.4	4078.71	3681.54	493.861	196.944	24301.7	218.257	218.257	605.21	331.571	342.06	921.831	361.389	398.71	981.54	7	221	26	13	219	223	24	28	10	16	652	161.35	43.2468	0.669792	1	1	-1
35234.8	9642.39	2086.69	495.827	199.424	19355.1	218.507	218.507	591.234	329.824	331.513	896.599	354.752	362.388	886.687	6	221	61	8	219	223	59	63	5	11	642	165.73	41.589	0.644116	1	1	-1
35118.1	31978	6953.99	503.441	201.547	27204.1	213.246	213.246	588.636	297.702	313.739	913.373	238.142	298.024	953.988	6	221	201	24	219	223	199	203	21	27	659	163.68	44.0557	0.682321	1	1	-1
35391.4	40003.2	4720.15	494.485	196.301	28302.5	219.981	219.981	595.98	329.186	320.839	879.118	351.421	323.189	820.153	6	222	251	17	220	224	249	253	14	20	659	167.409	41.4335	0.641709	1	1	-1
35678.8	18285.8	2113.81	502.97	204.665	19229.1	213.023	213.023	574.59	319.9	332.504	905.111	318.833	365.81	913.806	6	224	115	8	222	226	113	117	5	11	671	174.654	42.0758	0.651656	1	1	-1
36077.1	34330.6	4388.18	497.587	198.984	23492	215.811	215.811	600.629	341.06	302	871.117	397.141	250.582	788.185	7	226	216	16	224	228	214	218	13	19	611	147.333	43.1498	0.66829	1	1	-1
36173.8	4032.47	3825.49	497.853	201.633	22287.2	218.547	218.547	582.931	323.393	328.561	879.367	333.779	352.47	825.491	6	227	26	14	225	229	24	28	11	17	681	168.87	43.2821	0.670338	1	1	-1
36400.3	15772.1	3842	494.145	201.744	19809.4	215.677	215.677	589.802	341.287	301.654	884.48	400.277	252.061	841.997	7	228	100	14	226	230	98	102	11	17	645	150.589	42.4954	0.658154	1	1	-1
36257	32242.6	6509.65	490.68	196.495	24220.6	222.616	222.616	601.494	303.306	299.43	877.255	256.954	242.586	809.646	7	228	203	23	226	230	201	205	20	26	647	144.475	41.9106	0.649097	1	1	-1
36488.5	12774.5	6354.62	501.696	206.304	37503.6	213.087	213.087	585.631	324.049	313.815	914.884	328.525	294.473	954.623	6	229	81	22	227	231	79	83	19	25	659	176.653	44.3536	0.686933	1	1	-1
36568.2	19099.5	6879.69	493.782	197.992	23443	219.124	219.124	594.992	300.685	336.624	895.17	248.172	379.55	879.691	7	230	120	24	228	232	118	122	21	27	645	154.353	42.3698	0.656209	1	1	-1
36699.3	23296.1	1495.72	502.541	199.276	20870.5	213.529	213.529	597.529	335.98	302.419	898.787	379.308	256.091	895.722	6	230	147	6	228	232	145	149	3	9	666	159.35	43.4295	0.672621	1	1	-1
36690.1	30645.6	2495.14	496.351	201.76	21886.9	215.035	215.035	584.854	333.629	300.099	925.575	370.072	245.579	995.137	7	230	193	9	228	232	191	195	6	12	635	157.648	42.2516	0.654378	1	1	-1
36628.8	35065	2764.72	502.13	205.608	20141.2	209.105	209.105	579.247	316.651	326.528	917.049	308.817	345.029	964.723	6	230	220	10	228	232	218	222	7	13	693	178.378	42.6536	0.660605	1	1	-1
37252.6	13236	6282.77	497.86	204.495	30844	216.077	216.077	579.468	311.201	308.065	895.993	292.604	275.983	882.765	6	234	84	22	232	236	82	86	19	25	682	172.01	42.1758	0.653204	1	1	-1
37275.9	39289.1	4285.01	490.153	194.843	20528.4	219.566	219.566	618.241	318.649	300.107	922.588	315.935	249.057	985.006	6	234	247	15	232	236	245	249	12	18	660	162.639	42.1261	0.652435	1	1	-1
37423.5	1595.23	3158.2	485.618	202.549	18757	215.745	215.745	598.454	315.812	318.814	862.99	303.519	315.23	758.204	6	235	11	12	233	237	9	13	9	15	665	169.144	40.8817	0.633162	1	1	-1
37579.1	17380.7	6800.2	498.693	198.553	20736	215.857	215.857	603.759	314.928	303.468	873.061	299.068	260.702	800.195	6	236	110	24	234	238	108	112	21	27	659	165.337	42.6774	0.660973	1	1	-1
37516	23675.6	4986.85	495.258	198.9	22313.7	216.958	216.958	602.804	296.83	319.693	872.079	235.978	315.59	786.847	7	236	149	18	234	238	147	151	15	21	649	158.442	42.6618	0.660731	1	1	-1
37692.6	37161.2	3694.82	488.946	199.749	20388	218.219	218.219	605.658	302.043	330.816	923.242	252.583	361.201	994.816	6	237	233	13	235	239	231	235	10	16	644	158.334	43.8676	0.679407	1	1	-1
37966.6	11268.8	4880.38	496.011	177.946	769330	306.96	306.96	678.851	331.256	335.39	923.224	366.561	388.838	980.382	9	238	71	17	236	240	69	73	14	20	718	145.849	44.3971	0.687607	1	1	-1
37868.9	16834.3	3474.77	493.488	200.935	19106.8	213.027	213.027	597.239	306.451	329.324	867.649	268.89	354.318	774.769	6	238	106	13	236	240	104	108	10	16	664	164.412	42.1013	0.652052	1	1	-1
38115.1	4757.53	2604.04	494.732	194.683	20596.8	220.221	220.221	608.564	329.885	308.095	874.829	355.077	277.528	804.042	6	239	31	10	237	241	29	33	7	13	660	164.362	42.2131	0.653782	1	1	-1
38005.8	14836.6	1984.58	499.623	200.92	22241.7	213.165	213.165	593.217	299.645	308.073	870.22	245.758	276.589	784.577	7	239	94	8	237	241	92	96	5	11	652	160.33	42.7679	0.662374	1	1	-1
38144.2	34015.9	1985.51	501.266	200.548	16652	215.04	215.04	590.756	337.66	302.625	868.86	384.204	255.947	785.505	7	239	214	8	237	241	212	216	5	11	646	157.906	42.8625	0.66384	1	1	-1
38137.2	36414.7	1580.59	488.659	203.458	19068.7	214.667	214.667	599.198	335.617	302.405	921.611	377.24	254.679	980.589	6	239	229	6	237	241	227	231	3	9	646	156.668	42.1923	0.65346	1	1	-1
38319.2	19750.7	7120.36	495.513	203.441	15834.1	212.529	212.529	582.459	341.097	338.731	879.645	399.15	390.652	820.364	7	240	124	25	238	242	122	126	22	28	631	148.553	42.521	0.658552	1	1	-1
38274.8	31835.3	2880.47	503.186	196.997	23359.1	217.758	217.758	595.763	329.061	318.568	867.748	354.784	315.28	780.468	6	240	200	11	238	242	198	202	8	14	665	168.721	42.3327	0.655634	1	1	-1
38355.1	12229.3	2128.9	492.979	195.867	21022.4	220.312	220.312	598.683	307.797	338.81	907.59	275.06	389.349	928.903	6	241	77	8	239	243	75	79	5	11	628	153.967	41.999	0.650467	1	1	-1
38385.5	36265.4	3911.31	499.015	205.785	25623.3	213.758	213.758	584.882	315.638	305.102	901.925	305.485	265.37	911.308	6	241	228	14	239	243	226	230	11	17	684	171.194	43.1264	0.667928	1	1	-1
38472.6	37780.9	7189.62	515.913	205.944	22862.2	208.258	208.258	575.673	339.605	326.341	896.353	392.618	340.914	889.619	6	241	237	25	239	243	235	239	22	28	690	171.615	43.7197	0.677116	1	1	-1
38577	21323.6	2945.31	501.193	202.803	22648	212.119	212.119	585.639	324.806	332.593	885.821	336.96	363.647	845.313	6	242	134	11	240	244	132	136	8	14	667	175.917	42.4486	0.657429	1	1	-1
38914.8	6336.38	5874.68	501.042	195.798	20299.2	219.995	219.995	591.706	329.787	302.554	867.011	354.822	256.382	774.675	7	244	41	21	242	246	39	43	18	24	661	161.583	42.2191	0.653875	1	1	-1
38928.4	18564.3	5913.37	497.322	200.816	19273.8	214.973	214.973	590.986	333.588	321.193	877.5	368.425	324.27	813.367	6	244	117	21	242	246	115	119	18	24	636	170.532	41.8911	0.648796	1	1	-1
38814.1	39937.2	5213.31	495.341	200.049	21701	219.088	219.088	586.583	302.386	303.142	929.425	254.084	257.169	1013.31	7	244	251	18	242	246	249	253	15	21	619	149.823	41.9134	0.649141	1	1	-1
39118.6	24451	3295.64	492.745	199.952	26415.5	214.831	214.831	607.478	341.598	311.976	896.974	398.606	291.042	895.639	6	245	154	12	243	247	152	156	9	15	633	159.34	42.8862	0.664206	1	1	-1
39065.4	25700.1	5016.51	500.226	198.779	21476.3	215.414	215.414	593.396	327.02	303.458	878.371	345.372	260.088	816.509	6	245	162	18	243	247	160	164	15	21	664	164.813	42.5101	0.658382	1	1	-1
39902	10286.6	7351.94	499.41	199.918	21405	213.109	213.109	601.264	337.079	332.892	861.486	381.999	366.615	751.942	7	250	65	26	248	252	63	67	23	29	643	164.779	42.9812	0.665678	1	1	-1
39805.4	34186.8	5205.38	495.711	198.155	27083.8	216.881	216.881	605.922	310.78	305.092	927.055	285.437	266.848	1005.38	7	250	215	18	248	252	213	217	15	21	639	164.081	42.3842	0.656432	1	1	-1
39999.6	17037.7	3599.72	496.077	201.211	23692.8	214.414	214.414	604.942	320.333	341.105	900.427	319.591	397.688	899.721	6	251	107	13	249	253	105	109	10	16	688	163.977	42.597	0.659729	1	1	-1
40034.5	23862.7	3618.14	492.782	199.465	20723.2	218.69	218.69	591.854	329.461	326.442	905.063	354.489	342.681	918.137	6	251	150	13	249	253	148	152	10	16	664	168.682	42.339	0.655732	1	1	-1
SPOTS_END
