FISH-QUANT	v3a
File-version	3D_v1
RESULTS OF SPOT DETECTION PERFORMED ON 24-Sep-2021 
COMMENT	
IMG_Raw	Poiss_30spots_bg_200_2_I_300_0_img2.tif
IMG_Filtered	
IMG_DAPI	
IMG_TS_label	
FILE_settings	Poiss_30spots_bg_200_2_I_300_0_img2__settings_MATURE.txt
PARAMETERS
Pix-XY	Pix-Z	RI	Ex	Em	NA	Type
160	300	1.33	547	583	1.4	widefield
CELL_START	EntireImage
X_POS	1	1	256	256	
Y_POS	1	256	256	1	
Z_POS	
CELL_END
SPOTS_START
Pos_Y	Pos_X	Pos_Z	AMP	BGD	RES	SigmaX	SigmaY	SigmaZ	Cent_Y	Cent_X	Cent_Z	MuY	MuX	MuZ	ITERY_det	Y_det	X_det	Z_det	Y_min	Y_max	X_min	X_max	Z_min	Z_max	INT_raw	INT_filt	SC_det	SC_det_norm	TH_det	TH_fit	IN_nuc
2439.63	5361.98	6966.77	10.8961	200.577	1160.18	207.323	207.323	665.446	318.768	318.993	900.928	199.632	241.985	966.769	11	17	35	24	15	19	33	37	21	27	214	4.30379	1.17415	0.832058	1	1	-1
5358.5	7583.23	7054.66	10.6643	202.033	1398.73	203.456	203.456	442.762	320.713	320.475	899.773	398.502	383.234	754.662	12	34	48	25	32	36	46	50	22	28	216	3.80459	0.940305	0.666344	1	1	-1
7223.95	2458.51	3550.34	14.5154	201.222	1299.94	175.673	175.673	481.793	320.261	320.952	900.034	343.955	378.513	850.338	9	46	16	13	44	48	14	18	10	16	218	5.21628	1.28832	0.912963	1	1	-1
7330.32	11836.1	3050.07	11.8701	198.136	1266.65	319.888	319.888	810.187	321.375	320.112	897.212	450.321	316.104	650.073	11	46	75	12	44	48	73	77	9	15	216	3.30279	1.06153	0.75225	1	1	-1
7804.72	40024.8	4114.26	12.7371	201.458	1113.75	176.766	176.766	521.05	319.591	319.937	899.722	284.716	344.755	814.261	7	50	251	15	48	52	249	253	12	18	217	4.54629	1.16	0.822033	1	1	-1
11660.7	12918.1	6169.95	11.2706	198.303	1194.31	292.733	292.733	727.718	319.707	319.505	902.086	300.658	278.074	1069.95	10	74	82	21	72	76	80	84	18	24	211	3.77189	0.959556	0.679986	1	1	-1
13275.6	5331.01	7377.09	11.8255	200.003	1182.06	247.737	247.737	553.807	318.726	318.848	898.776	155.631	211.012	777.091	10	85	35	26	83	87	33	37	23	29	212	3.18653	1.10836	0.785433	1	1	-1
13599.5	31653.4	2585.36	13.6876	200.608	1270.65	221.98	221.98	500.996	319.946	319.816	899.075	319.545	293.399	785.363	7	86	199	10	84	88	197	201	7	13	216	4.3112	1.17905	0.835533	1	1	-1
13874	8114.88	3960.23	12.5051	199.606	1069.99	256.51	256.51	670.386	321.289	319.416	903.722	433.991	274.885	1260.23	9	87	52	13	85	89	50	54	10	16	215	3.53572	1.12953	0.80044	1	1	-1
15437.4	30076.6	5179.41	12.931	198.028	1085.74	282.69	282.69	722.901	320.981	319.892	897.266	397.403	316.574	679.407	8	97	189	19	95	99	187	191	16	22	216	3.42137	1.09824	0.778262	1	1	-1
15757.1	25678.4	4169.56	14.8893	200.957	1306.45	176.898	176.898	483.744	320.823	318.975	899.3	397.101	238.4	869.556	9	99	162	15	97	101	160	164	12	18	220	4.44143	1.23382	0.874346	1	1	-1
16186.8	7214.99	4776.92	12.5224	199.326	1311.24	246.312	246.312	605.905	320.369	319.973	899.308	346.755	334.994	876.924	8	102	46	17	100	104	44	48	14	20	216	3.97197	1.18495	0.839714	1	1	-1
17200.7	19328.1	1786.69	15.356	199.695	1237.46	215.754	215.754	564.795	321.128	319.47	900.034	400.675	288.141	886.693	9	108	122	7	106	110	120	124	4	10	218	5.48539	1.41114	1	1	1	-1
19096	4410.27	5210.93	13.9973	199.391	1330.38	246.104	246.104	545.098	318.619	319.136	901.712	216.042	250.273	1010.93	10	121	29	18	119	123	27	31	15	21	216	4.58071	1.27637	0.904493	1	1	-1
19852.6	12307	5144.87	14.0666	200.127	1071.89	227.389	227.389	533.15	320.184	321.64	900.783	332.584	466.98	944.871	8	125	77	18	123	127	75	79	15	21	215	4.76255	1.26215	0.894418	1	1	-1
21765.9	23273.8	6296.09	12.0611	198.593	1104.2	275.086	275.086	719.891	320.072	318.975	899.798	325.857	233.781	896.091	7	137	147	22	135	139	145	149	19	25	213	3.56031	1.09264	0.774299	1	1	-1
21716.6	29356	2396.03	12.642	199.789	1299.53	260.336	260.336	606.679	319.372	320.856	899.874	276.637	395.956	896.032	7	137	184	9	135	139	182	186	6	12	216	3.55951	1.08668	0.77007	1	1	-1
21823.2	38026.3	3632.19	10.9068	199.246	1333.87	266.828	266.828	756.444	319.051	319.366	897.377	223.179	266.282	632.192	10	138	239	14	136	140	237	241	11	17	215	3.95913	1.07309	0.760443	1	1	-1
24154	28161.7	2421.84	12.6189	199.793	1389.2	244.969	244.969	587.057	319.933	320.256	903.917	314.016	321.694	1221.84	10	152	177	8	150	154	175	179	5	11	216	4.45244	1.13792	0.806382	1	1	-1
26342.8	22339.8	5430.37	12.9441	198.308	1437.58	300.758	300.758	691.25	319.304	319.125	900.168	262.831	259.828	930.373	9	166	141	19	164	168	139	143	16	22	218	4.30674	1.12777	0.79919	1	1	-1
27401	17832	7488.57	11.9676	198.926	1179.59	278.898	278.898	654.79	320.508	320.612	903.872	360.968	392.037	1188.57	10	172	112	25	170	174	110	114	22	28	213	3.52617	0.976754	0.692174	1	1	-1
27617.8	23537.8	1685.09	12.8606	199.915	1312.59	244.418	244.418	581	321.243	320.211	899.327	417.757	337.762	785.088	10	173	148	7	171	175	146	150	4	10	216	4.04802	1.12469	0.797005	1	1	-1
28731.7	7608.98	6787.87	11.8071	200.533	1297.99	250.388	250.388	517.133	319.188	319.192	901.985	251.722	248.983	1087.87	9	181	49	23	179	183	47	51	20	26	216	3.9861	1.0691	0.757612	1	1	-1
31122.8	14737.8	3114.56	12.5358	200.124	1263.74	215.29	215.29	573.976	320.814	320.175	901.544	402.825	337.831	1014.56	8	195	93	11	193	197	91	95	8	14	215	4.18106	1.21665	0.862178	1	1	-1
32619.8	31304.8	4897.07	12.6155	197.121	969.974	339.825	339.825	756.656	319.87	319.361	901.569	299.838	264.798	997.068	9	205	197	17	203	207	195	199	14	20	214	3.25187	0.989936	0.701515	1	1	-1
32856.9	4396.41	4861.15	10.9411	200.208	1197	247.647	247.647	673.794	320.655	320.915	900.942	376.853	396.407	961.149	10	206	28	17	204	208	26	30	14	20	215	4.20596	1.05727	0.749229	1	1	-1
33593.2	18950.4	5648.57	13.7503	200.397	1315.89	233.419	233.419	498.928	319.969	318.888	898.89	313.179	230.413	848.573	9	211	120	20	209	213	118	122	17	23	216	5.03748	1.16306	0.824197	1	1	-1
35561.1	22348.9	5928.69	14.478	200.562	1353.35	205.569	205.569	484.694	320.193	319.331	898.366	361.149	268.918	828.688	7	223	141	21	221	225	139	143	18	24	218	4.46501	1.24664	0.883426	1	1	-1
35850.7	34847.9	5732.64	10.7049	199.858	1252.65	235.508	235.508	561.347	319.959	319.589	905.321	330.669	287.945	1532.64	14	225	219	18	223	227	217	221	15	21	213	3.7834	1.05835	0.749997	1	1	-1
38466.1	12960.4	4844.35	10.6228	200.115	1417.42	264.331	264.331	537.736	320.495	319.798	904.074	386.076	320.427	1244.35	9	241	82	16	239	243	80	84	13	19	214	3.54804	1.01228	0.717352	1	1	-1
SPOTS_END
