FISH-QUANT	v3a
File-version	3D_v1
RESULTS OF SPOT DETECTION PERFORMED ON 24-Sep-2021 
COMMENT	
IMG_Raw	Poiss_30spots_bg_200_1_I_300_0_img1.tif
IMG_Filtered	
IMG_DAPI	
IMG_TS_label	
FILE_settings	Poiss_30spots_bg_200_1_I_300_0_img1__settings_MATURE.txt
PARAMETERS
Pix-XY	Pix-Z	RI	Ex	Em	NA	Type
300	300	1.33	547	583	1.4	widefield
CELL_START	EntireImage
X_POS	1	1	256	256	
Y_POS	1	256	256	1	
Z_POS	
CELL_END
SPOTS_START
Pos_Y	Pos_X	Pos_Z	AMP	BGD	RES	SigmaX	SigmaY	SigmaZ	Cent_Y	Cent_X	Cent_Z	MuY	MuX	MuZ	ITERY_det	Y_det	X_det	Z_det	Y_min	Y_max	X_min	X_max	Z_min	Z_max	INT_raw	INT_filt	SC_det	SC_det_norm	TH_det	TH_fit	IN_nuc
4076.44	15005.9	3177.88	8.31276	200.112	468.2	434.721	434.721	583.032	599.287	601.841	897.073	476.439	905.863	477.877	14	15	50	13	13	17	48	52	10	16	210	2.63445	0.741841	0.949034	1	1	-1
4842.68	37709.2	5030.79	6.82726	200.951	684.601	452.607	452.607	428.14	600.152	599.729	899.382	642.68	509.158	830.787	15	17	127	18	15	19	125	129	15	21	212	2.34184	0.571654	0.731315	1	1	-1
5355.98	56757.3	4689.99	8.13456	199.858	614.867	482.127	482.127	518.708	601.604	598.634	901.587	855.979	357.337	1089.99	14	18	191	16	16	20	189	193	13	19	212	2.2842	0.673607	0.861742	1	1	-1
6973.95	70017.4	3616.69	9.18185	200.906	686.948	392.956	392.956	451.979	600.355	598.731	900.101	673.954	417.419	916.693	15	24	235	13	22	26	233	237	10	16	216	2.76639	0.690612	0.883497	1	1	-1
10003.1	66676.1	5045.21	10.1948	200.812	636.602	407.692	407.692	434.357	600.93	600.6	896.906	703.07	676.065	545.211	12	34	223	19	32	36	221	225	16	22	214	3.54196	0.78168	1	1	1	-1
16362.2	71149.2	4176.93	7.51227	200.354	521.566	492	492	504.799	599.026	600.271	902.464	462.207	649.154	1176.93	13	56	238	14	54	58	236	240	11	17	211	2.0295	0.552914	0.707341	1	1	-1
19248.8	43430.6	5847.41	8.02709	200.703	805.088	492	492	449.66	600.169	599.509	895.611	648.804	530.567	447.408	14	65	146	22	63	67	144	148	19	25	214	2.38416	0.626104	0.800972	1	1	-1
19269.5	5604.76	4154.08	8.20678	200.205	607.432	492	492	498.134	598.814	601.177	902.626	369.464	804.761	1154.08	13	66	19	14	64	68	17	21	11	17	211	2.27182	0.643765	0.823565	1	1	-1
19752.6	13618.9	6770.58	7.52201	200.39	518.174	492	492	529.415	599.67	599.119	896.656	552.6	418.916	470.575	14	67	47	25	65	69	45	49	22	28	210	1.85779	0.542607	0.694155	1	1	-1
19883.9	13304.8	6809.31	7.16515	200.271	484.366	492	492	472.515	599.193	601.623	903.212	383.893	1004.82	1409.31	15	68	44	22	66	70	42	46	19	25	210	1.59335	0.478156	0.611702	1	1	-1
20078.9	66580.7	2443.58	7.40639	200.823	585.62	492	492	492.805	599.763	601.75	897.506	578.854	880.698	643.578	15	68	222	10	66	70	220	224	7	13	211	2.39385	0.565508	0.723452	1	1	-1
20313.7	74013.5	4866.12	5.35671	200.314	466.545	492	492	625.79	598.564	599.626	897.663	213.719	513.535	366.12	18	70	248	19	68	72	246	250	16	22	210	2.1086	0.505611	0.646826	1	1	-1
22822.1	13136.8	4809.96	7.89985	200.513	463.099	492	492	501.09	601.887	601.6	900.017	922.129	836.806	909.957	13	76	44	17	74	78	42	46	14	20	211	2.32314	0.645902	0.8263	1	1	-1
23206.9	56275.6	4888.64	8.38662	200.556	665.29	475.021	475.021	444.807	600.237	600.905	897.555	706.908	775.627	688.641	19	78	188	18	76	80	186	190	15	21	213	2.96569	0.650975	0.832789	1	1	-1
23591.5	43874.8	2326.6	6.7594	200.567	481.467	492	492	505.439	600.864	598.84	901.974	791.499	374.84	1126.6	17	79	148	8	77	81	146	150	5	11	210	2.29652	0.545664	0.698065	1	1	-1
26722.8	21824.2	6034.83	7.12376	200.817	637.773	492	492	454.179	600	601.26	900.465	622.821	824.249	934.829	14	90	73	21	88	92	71	75	18	24	210	1.95153	0.523685	0.669947	1	1	-1
32904.5	3016.8	7009.69	7.01935	200.524	603.42	492	492	591.247	599.535	600.22	896.201	504.47	616.804	409.691	14	111	11	26	109	113	9	13	23	29	211	2.05388	0.580978	0.743243	1	1	-1
32902.5	11460.1	5237.25	6.79162	200.863	681.921	492	492	602.538	599.57	600.523	901.021	502.453	660.057	1037.25	14	111	39	18	109	113	37	41	15	21	210	2.08246	0.585202	0.748646	1	1	-1
32826	31671.1	6228.92	6.71839	200.421	664.168	492	492	453.936	598.948	599.449	902.213	425.994	471.067	1128.92	17	111	107	21	109	113	105	109	18	24	211	2.00243	0.540924	0.692002	1	1	-1
37544.3	19193	5227.91	5.69936	200.633	592.045	492	492	583.837	600.195	601.457	898.636	644.311	893.015	727.912	13	126	64	19	124	128	62	66	16	22	210	1.60196	0.506684	0.648198	1	1	-1
38221.9	33601.5	2767.41	8.26317	200.076	510.967	492	492	541.056	598.705	600.034	901.134	421.863	601.549	967.411	12	129	113	10	127	131	111	115	7	13	211	2.23327	0.642256	0.821636	1	1	-1
38883	14397	2894.34	6.60909	200.615	625.386	476.496	476.496	568.502	601.227	599.966	899.154	782.988	597.05	794.336	15	130	49	11	128	132	47	51	8	14	212	2.46927	0.581399	0.743781	1	1	-1
39596.9	2689.32	5686.51	6.6143	200.632	549.334	492	492	526.693	601.549	599.661	900.017	896.888	589.325	886.514	13	132	10	20	130	134	8	12	17	23	210	1.82596	0.551713	0.705804	1	1	-1
43625.8	33799.8	1714.28	6.693	200.828	608.823	492	492	494.335	600.634	600.761	901.751	725.79	799.772	1114.28	15	146	113	6	144	148	111	115	3	9	211	2.17883	0.552232	0.706468	1	1	-1
51157.3	43194.8	5669.41	6.64581	201.026	694.91	415.805	415.805	486.288	599.137	599.898	899.661	457.327	594.755	869.408	12	172	145	20	170	174	143	147	17	23	211	2.43266	0.591803	0.75709	1	1	-1
55032.3	74436.7	2443.79	4.98897	201.768	679.368	418.445	418.445	443.266	599.315	600.093	900.338	432.289	636.738	943.788	21	185	249	9	183	187	247	251	6	12	210	1.69711	0.499804	0.639397	1	1	-1
55858.6	73664.5	3787.64	7.1739	200.855	638.334	492	492	526.525	598.606	599.206	899.037	358.583	464.488	787.642	13	188	247	14	186	190	245	249	11	17	210	2.08556	0.599961	0.767527	1	1	-1
56370.1	37404.5	1665.37	7.04331	200.412	712.463	491.997	491.997	620.196	599.662	599.248	901.175	570.104	504.489	1065.37	18	189	126	6	187	191	124	128	3	9	212	2.69093	0.599243	0.766609	1	1	-1
59393.2	43409.2	6269.73	6.38192	200.476	606.704	492	492	681.101	601.365	600.814	902.983	893.195	809.171	1469.73	14	198	145	20	196	200	143	147	17	23	211	1.72986	0.543875	0.695777	1	1	-1
67834.7	51506.7	3504.88	7.89233	200.407	740.054	492	492	539.786	600.685	599.205	901.902	634.744	506.715	1104.88	13	227	173	12	225	229	171	175	9	15	212	2.50117	0.612454	0.78351	1	1	-1
SPOTS_END
