FISH-QUANT	v3a
File-version	3D_v1
RESULTS OF SPOT DETECTION PERFORMED ON 24-Sep-2021 
COMMENT	
IMG_Raw	Poiss_300spots_bg_200_2_I_300_0_img2.tif
IMG_Filtered	
IMG_DAPI	
IMG_TS_label	
FILE_settings	Poiss_300spots_bg_200_2_I_300_0_img2__settings_MATURE.txt
PARAMETERS
Pix-XY	Pix-Z	RI	Ex	Em	NA	Type
160	300	1.33	547	583	1.4	widefield
CELL_START	EntireImage
X_POS	1	1	256	256	
Y_POS	1	256	256	1	
Z_POS	
CELL_END
SPOTS_START
Pos_Y	Pos_X	Pos_Z	AMP	BGD	RES	SigmaX	SigmaY	SigmaZ	Cent_Y	Cent_X	Cent_Z	MuY	MuX	MuZ	ITERY_det	Y_det	X_det	Z_det	Y_min	Y_max	X_min	X_max	Z_min	Z_max	INT_raw	INT_filt	SC_det	SC_det_norm	TH_det	TH_fit	IN_nuc
324.34	29997.4	3999.51	9.09759	199.735	856.403	69.8637	69.8637	380.514	319.428	320.302	899.777	324.34	397.448	999.507	18	3	188	14	1	5	186	190	11	17	207	2.00576	0.619271	0.313851	1	1	-1
652.453	8824.31	2136.52	14.8116	200.123	1480.44	215.711	215.711	493.614	320.162	320.319	900.91	332.453	344.314	936.518	8	5	56	8	3	7	54	58	5	11	217	5.03489	1.22529	0.620987	1	1	-1
842.585	16757.6	2391.46	13.3281	200.379	1384.54	220.752	220.752	590.053	320.498	319.592	900.454	362.585	277.624	891.46	10	6	106	9	4	8	104	108	6	12	221	5.00875	1.25564	0.636365	1	1	-1
733.392	30929.9	6140.66	11.4683	199.912	1463.42	245.706	245.706	651.109	319.237	320.687	898.602	253.392	369.868	740.665	9	6	194	22	4	8	192	196	19	25	217	3.70757	1.10756	0.561318	1	1	-1
896.33	3505.15	5103.81	11.6562	199.774	1075.33	261.433	261.433	613.135	319.326	319.739	896.32	256.33	305.151	603.808	10	7	23	19	5	9	21	25	16	22	217	3.72715	1.0561	0.535239	1	1	-1
929.481	17447.6	4129.02	14.3884	198.768	959.335	243.409	243.409	695.681	319.663	320.242	899.057	289.481	327.56	829.018	8	7	110	15	5	9	108	112	12	18	216	4.59854	1.30104	0.659377	1	1	-1
1031.6	8122.98	6533.23	12.6553	200.352	1287.01	218.169	218.169	581.262	318.984	319.663	895.55	231.603	282.981	533.233	13	8	52	24	6	10	50	54	21	27	216	4.62827	1.18892	0.602552	1	1	-1
1082.65	8791.67	5202.2	13.2651	201.295	1228.97	194.505	194.505	513.761	319.744	319.794	898.209	282.646	311.669	702.198	8	8	56	19	6	10	54	58	16	22	217	5.04682	1.22548	0.621081	1	1	-1
1127.56	31703.4	1758.89	15.2865	201.332	1201.45	177.962	177.962	423.392	320.243	320.26	900.135	327.558	343.388	858.886	8	8	199	7	6	10	197	201	4	10	221	5.30262	1.19173	0.603979	1	1	-1
1366.88	1806.09	6101.33	14.3012	199.957	1267.1	215.584	215.584	553.807	321.137	320.427	901.913	406.883	366.088	1001.33	9	9	12	21	7	11	10	14	18	24	220	4.98941	1.28596	0.651736	1	1	-1
1440.11	27540.2	4699.96	9.85166	200.629	1391.8	236.939	236.939	593.233	319.946	320.094	898.846	320.109	340.188	799.964	8	10	173	17	8	12	171	175	14	20	216	3.3786	0.936058	0.474401	1	1	-1
1622.83	1096.84	4104.72	12.6811	200.05	1287.83	231.265	231.265	592.493	320.296	319.547	898.477	342.826	296.843	804.72	9	11	8	15	9	13	6	10	12	18	214	4.10039	1.15922	0.587503	1	1	-1
1898.33	9317.45	6440.29	12.4878	199.651	1280.38	239.506	239.506	646.757	319.591	318.548	898.5	298.331	197.452	740.291	10	13	60	23	11	15	58	62	20	26	216	4.23459	1.20096	0.608656	1	1	-1
1893.35	9772.02	1976.68	13.442	199.616	1400.53	228.888	228.888	673.149	319.551	320.238	898.266	293.354	332.019	776.68	10	13	62	8	11	15	60	64	5	11	214	5.40313	1.29436	0.655989	1	1	-1
1986.09	30764	4084.82	12.6785	200.041	1226.08	214.975	214.975	597.975	318.983	320.427	898.541	226.094	363.968	784.817	9	14	193	15	12	16	191	195	12	18	217	4.5385	1.23556	0.626191	1	1	-1
2350.74	29304.3	5672.78	3.79135	199.666	695.59	134.204	134.204	1987.94	320.091	319.973	899.854	270.739	344.275	2672.78	28	16	184	14	14	18	182	186	11	17	205	2.18404	0.652525	0.330704	1	1	-1
2341.45	32626.6	1581.55	15.4107	200.994	1255.05	185.375	185.375	534.631	319.3	319.933	898.016	261.447	306.593	681.553	8	16	205	7	14	18	203	207	4	10	219	5.95607	1.34692	0.68263	1	1	-1
2588.69	18587.7	6003.76	15.0519	200.801	1540.48	189.531	189.531	517.702	320.144	320.601	900.227	348.688	347.724	903.755	8	17	117	21	15	19	115	119	18	24	217	5.7901	1.32376	0.670892	1	1	-1
2690.39	15544.6	3004.52	13.1573	198.269	1122.44	288.056	288.056	703.347	319.502	320.265	900.118	290.385	344.584	904.524	8	18	98	11	16	20	96	100	8	14	216	3.56048	1.0545	0.534427	1	1	-1
3102.08	19204.4	1884.35	15.3822	199.852	1229.32	208.972	208.972	598.392	320.727	320.292	901.002	382.083	324.396	984.352	11	20	121	7	18	22	119	123	4	10	217	5.38697	1.40701	0.713082	1	1	-1
3371.51	6776.91	7091.49	13.395	199.904	1270	244.457	244.457	576.29	320.031	320.767	902.54	331.512	376.908	1091.49	9	22	43	24	20	24	41	45	21	27	216	4.38075	1.23197	0.624372	1	1	-1
3295.62	13638.6	6983.74	15.4383	201.123	1037.21	206.903	206.903	402.273	319.556	320.35	901.396	255.622	358.607	983.744	9	22	86	24	20	24	84	88	21	27	218	4.5236	1.21235	0.614428	1	1	-1
3513.83	9527.39	6028.14	12.8972	200.684	1167.05	208.419	208.419	539.113	319.776	319.219	900.286	313.833	247.395	928.142	9	23	61	21	21	25	59	63	18	24	217	4.55093	1.14169	0.578617	1	1	-1
3418.69	35471.8	3939.32	12.7552	198.623	1310.7	269.705	269.705	761.689	318.701	321.376	900.405	218.693	431.782	939.324	9	23	222	14	21	25	220	224	11	17	217	4.2422	1.26156	0.639368	1	1	-1
3727.51	27642.4	7426.08	12.1973	199.119	1445.27	258.473	258.473	652.739	320.719	319.496	898.921	367.507	282.398	826.082	10	24	174	26	22	26	172	176	23	29	216	4.65975	1.09788	0.556412	1	1	-1
3671.98	30432	7511.56	12.9106	199.474	1126.29	251.029	251.029	613.692	319.951	320.409	896.26	311.979	351.967	611.56	9	24	191	27	22	26	189	193	24	30	215	3.97267	1.15785	0.586805	1	1	-1
4074.46	2825.49	6221.77	13.7487	200.323	1014.29	215.628	215.628	583.532	320.848	321.207	898.763	394.464	425.486	821.773	7	26	18	22	24	28	16	20	19	25	215	4.48522	1.22903	0.622882	1	1	-1
4071.42	39469.4	7421.24	12.4721	199.934	1223.01	224.645	224.645	562.574	320.815	321.351	898.835	391.422	429.407	821.239	11	26	247	26	24	28	245	249	23	29	217	4.85974	1.15498	0.585354	1	1	-1
4146.38	15047.2	2356.97	12.9006	199.251	1201.57	250.43	250.43	652.545	319.86	321.747	896.386	306.383	487.228	556.975	10	27	94	10	25	29	92	96	7	13	215	4.38217	1.30317	0.660458	1	1	-1
4210.12	22326.9	7013.81	14.3068	200.215	1233.3	203.437	203.437	565.255	320.63	319.145	904.21	370.123	246.889	1313.81	9	27	141	23	25	29	139	143	20	26	217	4.68313	1.3779	0.698329	1	1	-1
4699.42	11466.1	6206	7.12972	199.719	677.008	82.4522	82.4522	700.269	319.899	319.776	899.563	379.422	266.071	506	18	30	73	23	28	32	71	75	20	26	206	2.11109	0.617829	0.31312	1	1	-1
4712.77	30575.6	1855.96	12.8625	200.054	1506.91	228.053	228.053	643.623	320.933	320.35	896.92	392.772	335.628	655.96	11	30	192	8	28	32	190	194	5	11	216	4.77465	1.20461	0.610502	1	1	-1
4653.83	33506.1	6256.02	11.0249	199.422	1260.88	253.991	253.991	783.438	320.158	319.139	895.233	333.829	226.134	256.019	10	30	211	24	28	32	209	213	21	27	215	3.33775	1.07536	0.545002	1	1	-1
4748.2	14575.1	5484.22	12.3545	200.15	1250.94	241.776	241.776	511.873	319.358	320.422	900.935	268.195	335.131	984.223	10	31	92	19	29	33	90	94	16	22	220	4.92841	1.09191	0.553386	1	1	-1
4850.97	20372.1	3692.35	10.3138	199.83	1335.82	287.414	287.414	620.773	320.544	320.454	894.923	370.968	372.058	392.35	10	31	128	15	29	33	126	130	12	18	214	3.50784	0.972164	0.492699	1	1	-1
4810.22	22846.6	5343.83	11.8447	200.039	1376.74	248.337	248.337	549.057	320.189	319.609	895.937	330.217	286.594	543.829	10	31	144	20	29	33	142	146	17	23	216	3.91001	1.14683	0.58122	1	1	-1
4752.12	34300.7	4754.63	22.1509	199.947	1903.51	244.323	244.323	673.071	319.005	320.774	893.444	272.116	380.697	554.631	9	31	215	18	29	33	213	217	15	21	228	7.47067	1.97314	1	1	1	-1
4936.2	15969	6838.35	11.2692	200.723	1220.21	220.318	220.318	607.979	319.524	319.722	899.125	296.199	288.968	838.346	9	32	101	24	30	34	99	103	21	27	213	4.27124	1.10585	0.560451	1	1	-1
5059.27	38237.2	2169.7	10.6614	198.577	1289.57	324.744	324.744	812.281	319.429	318.395	900.447	259.271	157.17	969.699	12	33	241	8	31	35	239	243	5	11	217	2.96273	0.933138	0.472921	1	1	-1
5229.52	2154.65	6935.28	120.562	200.071	855.007	26.6433	26.6433	145.772	320.091	319.986	900.291	269.525	234.651	935.284	28	34	15	24	32	36	13	17	21	27	209	2.02918	0.68805	0.348709	1	1	-1
5252.62	2487.63	3875.52	14.5916	199.092	1066.89	242.105	242.105	620.907	319.645	321.217	899.587	292.615	407.632	875.52	7	34	16	14	32	36	14	18	11	17	214	4.4093	1.32582	0.671937	1	1	-1
5317.55	12973.7	7053.85	10.9857	199.512	1426.94	249.972	249.972	698.772	320.307	318.562	903.492	357.546	173.728	1353.85	11	34	83	23	32	36	81	85	20	26	214	3.47498	1.09343	0.554156	1	1	-1
5395.05	8033.94	4176.9	13.3995	200.5	1409.7	209.724	209.724	494.808	319.636	320.31	899.528	275.052	353.938	876.898	7	35	51	15	33	37	49	53	12	18	215	4.18912	1.20713	0.611781	1	1	-1
5368.62	9217.09	4418.3	13.5988	200.732	1181.07	208.087	208.087	516.942	319.201	319.277	902.929	248.618	257.092	1118.3	10	35	59	15	33	37	57	61	12	18	216	4.69004	1.24072	0.628805	1	1	-1
5527.23	29228.3	3970.99	13.5345	200.427	1250.08	202.525	202.525	586.158	321.047	319.281	900.994	407.23	268.257	970.988	10	35	184	14	33	37	182	186	11	17	218	4.84529	1.35184	0.685122	1	1	-1
5822.6	23967.5	1531.47	13.3096	199.901	1501.79	208.283	208.283	575.821	320.559	321.653	900.532	382.595	447.457	931.466	9	37	150	6	35	39	148	152	3	9	217	4.22767	1.33541	0.676797	1	1	-1
6638.78	14905.7	5736.01	12.4569	200.679	1542.93	195.939	195.939	574.147	320.755	320.261	900.388	398.78	345.707	936.007	8	42	94	20	40	44	92	96	17	23	217	4.55414	1.23543	0.626126	1	1	-1
6548.81	28824.6	6245.97	14.3335	201.953	1433.64	180.185	180.185	375.557	319.915	320.305	899.992	308.815	344.64	845.968	8	42	181	22	40	44	179	183	19	25	215	4.89732	1.09982	0.557399	1	1	-1
6725.11	6724.67	2421.89	11.9561	200.493	1180.14	246.163	246.163	516.469	320.144	320.022	900.202	325.111	324.669	921.887	7	43	43	9	41	45	41	45	6	12	217	3.74338	0.9496	0.481264	1	1	-1
6767.8	27658.2	7035.82	13.3924	200.801	1104.36	215.936	215.936	458.406	320.319	319.439	901.911	367.796	298.183	1035.82	9	43	174	24	41	45	172	176	21	27	216	4.38636	1.09591	0.555415	1	1	-1
6811.54	1354.75	4673.07	14.1575	198.759	1184.31	245.629	245.629	610.351	319.347	320.973	903.166	251.538	394.749	1073.07	10	44	9	16	42	46	7	11	13	19	218	4.5385	1.24435	0.630645	1	1	-1
7188.32	14242.9	7398.32	14.7147	200.83	1453.02	208.321	208.321	526.576	319.651	319.969	902.763	308.319	322.94	1098.32	10	46	90	25	44	48	88	92	22	28	217	5.67352	1.27614	0.646756	1	1	-1
7478.96	20117.9	7464.81	12.0733	201.159	1195.07	201.346	201.346	516.782	321.221	319.883	900.109	438.957	277.894	864.812	10	47	127	26	45	49	125	129	23	29	214	4.05438	1.16616	0.591019	1	1	-1
7443.82	29895	5927.95	12.83	197.65	1001.95	303.667	303.667	830.915	321.071	319.636	895.782	403.816	294.991	527.945	10	47	188	22	45	49	186	190	19	25	213	3.51042	1.15387	0.584787	1	1	-1
7290.07	38910.7	3806.28	11.8139	197.062	1169.78	373.244	373.244	898.993	319.236	318.782	902.419	250.071	190.719	1106.28	11	47	245	13	45	49	243	247	10	16	213	3.05815	0.930799	0.471735	1	1	-1
7485.67	5011.88	2953.43	12.3322	198.999	1412.39	277.713	277.713	592.445	319.568	320.697	903.163	285.673	371.877	1153.43	9	48	32	10	46	50	30	34	7	13	216	3.56135	1.10823	0.561661	1	1	-1
7477.12	5925.42	6869.14	11.6459	200.781	1088.39	210.531	210.531	488.196	319.685	319.987	896.145	277.119	325.421	569.141	15	48	38	25	46	50	36	40	22	28	222	4.67035	1.01913	0.516504	1	1	-1
7747.19	29675.2	4653.26	13.5412	199.185	1321.49	270.465	270.465	633.509	320.673	318.982	903.078	387.187	235.213	1053.26	11	49	187	16	47	51	185	189	13	19	215	3.92965	1.28496	0.651226	1	1	-1
8142.41	28452.6	4823.75	11.6908	200.356	1428.52	222.26	222.26	548.816	319.906	319.879	903.526	302.411	292.604	1223.75	9	52	179	16	50	54	177	181	13	19	215	3.85357	1.03332	0.523694	1	1	-1
8264.23	11597.6	3726.84	21.5887	199.688	1419.64	254.359	254.359	620.76	318.84	318.354	896.424	264.225	237.564	726.843	8	53	74	14	51	55	72	76	11	17	223	6.36696	1.78911	0.906736	1	1	-1
8274.41	20337.9	3152.72	13.4073	197.093	1129.1	322.201	322.201	802.146	319.407	320.256	901.92	274.411	337.876	1052.72	9	53	128	11	51	55	126	130	8	14	213	3.44106	1.01071	0.512233	1	1	-1
8480.19	9135.52	7106.83	10.3972	201.022	1338.81	206.43	206.43	520.402	319.838	320.157	899.073	320.194	335.523	806.827	8	54	58	25	52	56	56	60	22	28	214	4.17566	0.938251	0.475512	1	1	-1
9056.45	40021.7	5383.77	12.3106	199.432	1312.91	269.438	269.438	670.733	321.055	320.314	896.238	416.445	341.725	583.769	9	57	251	20	55	59	249	253	17	23	215	4.0119	1.10811	0.561599	1	1	-1
9028.51	4833.66	2135.31	11.5016	198.932	1456.81	281.389	281.389	739.117	318.854	320.369	897.219	228.512	353.658	635.315	10	58	31	9	56	60	29	33	6	12	216	3.09685	1.11324	0.564198	1	1	-1
9161.49	16927.3	4516.12	11.5108	199.3	1245.08	275.537	275.537	634.673	318.836	319.595	900.312	201.493	287.279	916.117	9	59	107	16	57	61	105	109	13	19	215	3.61916	1.09036	0.552601	1	1	-1
9404.52	3935.94	5645.07	21.3436	200.836	1713.57	256.671	256.671	556.073	319.36	321.738	898.354	284.516	415.941	845.073	8	60	25	20	58	62	23	27	17	23	224	6.1006	1.84388	0.934492	1	1	-1
9423.31	8377.54	4349.49	11.6741	198.899	949.601	273.533	273.533	992.656	319.852	320.67	895.208	303.311	377.545	149.486	10	60	53	18	58	62	51	55	15	21	213	3.32735	1.10234	0.558674	1	1	-1
9638.44	11635.7	7441.35	12.0024	199.754	1454.86	226.625	226.625	587.149	320.536	319.392	895.986	358.438	275.717	541.351	15	61	74	27	59	63	72	76	24	30	217	5.21178	1.16177	0.588793	1	1	-1
9695.38	23529.5	2711.06	12.8584	200.92	1658.68	219.507	219.507	472.534	320.826	319.879	900.379	415.377	329.452	911.063	8	61	148	10	59	63	146	150	7	13	223	4.28023	1.1125	0.563824	1	1	-1
9811.58	19646.5	2518.67	14.4778	198.651	1368.25	275.55	275.55	618.761	320.686	319.493	896.888	371.575	286.541	718.675	10	62	124	10	60	64	122	126	7	13	219	4.15417	1.21514	0.615842	1	1	-1
9900.82	15547.7	4360.31	14.6379	201.036	1143.99	198.496	198.496	420.972	320.049	320.75	898.131	300.824	347.686	760.311	9	63	98	16	61	65	96	100	13	19	215	4.98798	1.12948	0.572429	1	1	-1
9911.71	28217.3	2524.94	13.3916	200.8	1691.3	225.04	225.04	426.855	320.144	320.939	898.013	311.711	377.259	724.94	11	63	177	10	61	65	175	179	7	13	217	4.80952	1.20184	0.609102	1	1	-1
10039.9	34961.4	2478.28	10.4444	198.975	1343.47	293.956	293.956	743.994	319.627	319.28	897.437	279.868	241.445	678.277	10	64	220	10	62	66	218	222	7	13	213	3.26181	0.949831	0.481381	1	1	-1
10063.5	37741.5	6030.26	13.5286	201.004	1060	214.766	214.766	420.855	319.767	320.081	900.269	303.524	301.515	930.259	7	64	237	21	62	66	235	239	18	24	216	4.02304	1.08236	0.54855	1	1	-1
10229.4	3698.54	4767.61	13.3077	201.145	1277.39	196.25	196.25	517.498	319.709	320.48	899.966	309.423	338.537	867.609	7	65	24	17	63	67	22	26	14	20	214	4.50485	1.19277	0.604505	1	1	-1
10351.8	6077.47	4722.36	12.4298	200.795	1345.53	203.006	203.006	575.419	319.286	319.906	899.529	271.848	317.469	822.361	8	66	39	17	64	68	37	41	14	20	216	4.5486	1.18218	0.599135	1	1	-1
10282	6217.42	6626.95	9.85389	201.591	1129.69	188.402	188.402	690.246	318.833	319.708	902.693	201.973	297.416	1226.95	15	66	40	22	64	68	38	42	19	25	215	4.3141	1.06008	0.537258	1	1	-1
10652.6	7262.89	2043.81	13.6128	199.474	1339.19	231.849	231.849	624.915	320.872	318.682	899.722	412.565	222.889	843.813	8	67	47	8	65	69	45	49	5	11	217	4.43129	1.27625	0.646811	1	1	-1
10589.8	21361.7	2093.92	11.4715	199.343	1281.71	293.033	293.033	587.432	320.395	320.867	900.219	349.763	401.743	893.923	9	67	134	8	65	69	132	136	5	11	216	3.44238	0.951008	0.481977	1	1	-1
10542.5	28684.6	3461.88	13.119	200.82	1306.32	221.178	221.178	432.677	319.614	318.814	897.944	302.545	204.6	761.88	11	67	181	13	65	69	179	183	10	16	219	4.01355	1.16017	0.587985	1	1	-1
10602.9	31452.2	5418.13	13.881	200.954	1021.74	189.566	189.566	556.146	320.48	319.255	900.623	362.856	252.202	918.129	7	67	198	19	65	69	196	200	16	22	216	5.03741	1.3169	0.667413	1	1	-1
10677.8	24738	2095.75	13.7774	199.693	1221.43	218.83	218.83	636.018	319.434	319.083	899.747	277.799	258.004	895.748	9	68	156	8	66	70	154	158	5	11	217	4.98441	1.34475	0.681526	1	1	-1
10654.5	39051.3	4215.37	11.4042	200.249	1232.06	247.874	247.874	597.724	319.17	320.251	900.21	254.533	331.335	915.371	10	68	245	15	66	70	243	247	12	18	214	3.63252	1.06524	0.53987	1	1	-1
10915	22525.1	5440.29	10.7712	199.967	1434.57	255.954	255.954	629.76	320.458	321.276	900.169	355.007	445.084	940.292	10	69	141	19	67	71	139	143	16	22	216	4.22401	1.08716	0.550982	1	1	-1
11070.5	21427.1	6884.91	13.098	200.784	1027.33	214.165	214.165	532.811	320.179	319.789	899.916	350.535	307.098	884.91	6	70	135	24	68	72	133	137	21	27	216	4.67115	1.03424	0.524159	1	1	-1
11199.7	19913.5	5787.89	12.5179	200.796	1403.91	205.055	205.055	600.924	319.991	320.897	897.981	319.655	393.465	687.894	9	71	125	21	69	73	123	127	18	24	216	4.11075	1.14094	0.578234	1	1	-1
11211.2	34151.3	4078.78	13.2475	198.772	1390.66	276.857	276.857	675.477	320.103	320.965	902.65	331.19	391.301	1078.78	9	71	214	14	69	73	212	216	11	17	217	3.91757	1.15409	0.584901	1	1	-1
11569	3183.49	3819.45	15.0805	200.305	1011.91	199.541	199.541	519.731	320.472	319.793	898.947	369.019	303.485	819.453	8	73	21	14	71	75	19	23	11	17	217	5.43916	1.34772	0.683035	1	1	-1
11741.4	39119.4	1625.8	12.3612	199.836	1248.03	250.712	250.712	639.856	318.91	321.117	901.843	221.441	399.404	1025.8	10	75	245	6	73	77	243	247	3	9	216	4.38621	1.21086	0.613672	1	1	-1
11950.9	17077.8	6377.89	13.2904	199.929	1533.33	228.862	228.862	635.588	319.429	321.17	894.964	270.905	437.818	377.891	11	76	107	24	74	78	105	109	21	27	218	4.3554	1.28012	0.648776	1	1	-1
11873.4	22074	3257.82	11.2602	199.03	1307.68	292.651	292.651	669.902	318.566	319.789	899.629	193.403	314.045	857.815	12	76	139	12	74	78	137	141	9	15	218	4.22165	1.02981	0.521917	1	1	-1
12026	38849.5	6872.25	11.2486	200.193	1159.49	225.006	225.006	554.221	318.792	319.919	896.527	186.042	289.483	572.252	11	77	244	25	75	79	242	246	22	28	213	3.82309	1.04662	0.530434	1	1	-1
12106.1	39836.1	2924.06	13.7465	201.366	1385.65	178.208	178.208	512.719	319.322	320.166	899.663	266.053	316.121	824.06	8	77	250	11	75	79	248	252	8	14	218	5.35881	1.28462	0.651052	1	1	-1
12395.5	18629.2	2932.8	11.764	200.214	1236.24	228.765	228.765	568.591	319.146	318.826	899.519	235.529	229.201	832.802	13	79	118	11	77	81	116	120	8	14	221	4.67152	1.10619	0.560626	1	1	-1
12887.7	22855.8	6589.23	12.6902	200.425	939.652	221.483	221.483	539.442	319.2	319.852	896.394	247.658	295.796	589.232	9	82	144	24	80	84	142	146	21	27	215	4.00111	1.0701	0.542333	1	1	-1
12858.4	32128.3	5916.52	12.6558	200.526	1265.2	209.84	209.84	616.098	318.999	319.672	902.787	218.42	288.31	1116.52	8	82	202	20	80	84	200	204	17	23	218	4.67253	1.21515	0.615846	1	1	-1
13134.4	21823	6124.5	9.84688	199.882	1012.05	253.59	253.59	684.594	320.09	319.015	898.245	334.375	223.004	724.504	10	83	138	22	81	85	136	140	19	25	214	3.47653	1.02898	0.521496	1	1	-1
13305.1	26259.4	7136.88	15.5287	198.266	1232.44	264.216	264.216	585.635	320.369	320.193	904.317	345.056	339.403	1136.88	9	84	165	24	82	86	163	167	21	27	216	4.74057	1.25928	0.63821	1	1	-1
13284.3	35362.4	2561.23	12.3688	201.013	1363.31	230.771	230.771	584.142	318.491	319.87	898.498	164.272	322.358	761.231	10	85	222	10	83	87	220	224	7	13	216	4.06176	1.18859	0.602384	1	1	-1
14024.9	6699.84	1837.17	13.4554	199.238	1387.5	245.796	245.796	600.116	321.189	321.59	896.714	424.905	459.844	637.175	9	88	42	8	86	90	40	44	5	11	214	4.04768	1.27966	0.648539	1	1	-1
14071.6	18245.7	4760.32	12.0958	200.688	1198.47	208.584	208.584	605.844	319.96	320.121	899.764	311.571	325.657	860.323	9	89	115	17	87	91	113	117	14	20	215	4.66492	1.12346	0.569375	1	1	-1
14040.3	37729.8	4849.99	12.452	199.398	1439.14	253.278	253.278	718.697	319.296	319.637	896.719	280.278	289.828	649.991	13	89	237	18	87	91	235	239	15	21	217	4.60296	1.15936	0.587571	1	1	-1
14475.4	9404.76	4908.41	12.3734	199.233	1361.07	246.017	246.017	761.581	321.01	319.636	901.204	395.381	284.763	1008.41	9	91	60	17	89	93	58	62	14	20	215	4.28467	1.22103	0.618829	1	1	-1
14550.3	3096.36	2593.87	11.5356	197.632	922.096	351.127	351.127	868.137	319.838	319.055	905.267	310.26	216.358	1393.87	12	92	21	8	90	94	19	23	5	11	213	3.38461	1.03065	0.522339	1	1	-1
14553.4	12780.2	4046.59	12.9185	199.28	1233.13	259.822	259.822	618.983	319.937	319.632	902.34	313.429	300.153	1046.59	8	92	81	14	90	94	79	83	11	17	213	4.32376	1.14757	0.581594	1	1	-1
14615.4	33895.6	5253.01	12.8116	200.439	1174.15	231.59	231.59	514.831	320.444	319.744	901.784	375.389	295.568	1053.01	8	92	213	18	90	94	211	215	15	21	212	3.60946	1.04545	0.529844	1	1	-1
14957.3	32859.3	2179.73	11.5749	198.977	1149.54	261.463	261.463	764.04	320.841	320.616	897.605	397.26	379.256	679.733	9	94	206	9	92	96	204	208	6	12	214	3.53484	1.14438	0.579982	1	1	-1
14999.6	6352.5	5756.64	12.9933	199.812	1188.57	244.54	244.54	560.822	319.51	319.443	896.951	279.555	272.501	656.642	8	95	41	21	93	97	39	43	18	24	215	4.16465	1.17662	0.59632	1	1	-1
15260.8	8406.72	4936.5	13.6302	199.241	1156.41	260.91	260.91	747.571	320.509	320.905	893.391	380.829	406.72	136.503	10	96	53	20	94	98	51	55	17	23	216	4.15369	1.21218	0.614342	1	1	-1
15818.4	15080.8	2453.97	11.2476	199.558	1160.23	238.053	238.053	678.718	321.387	320.446	900.363	458.399	360.804	953.97	8	99	95	9	97	101	93	97	6	12	214	3.37282	1.12399	0.569645	1	1	-1
16001.9	7726.41	2645.62	13.3557	199.824	1122.81	254.106	254.106	499.032	321.432	318.996	903.418	481.891	206.409	1145.62	9	100	50	9	98	102	48	52	6	12	220	3.54033	1.18759	0.601879	1	1	-1
15932.1	35797.5	1836.06	13.5864	200.811	1074.17	201.895	201.895	505.623	321.06	319.668	900.758	412.148	277.548	936.059	8	100	225	7	98	102	223	227	4	10	214	4.53374	1.19664	0.606464	1	1	-1
16056.7	27660.8	6034.04	11.6436	200.332	1439.1	215.053	215.053	615.356	318.952	319.708	897.36	216.654	300.811	634.041	9	102	174	22	100	104	172	176	19	25	215	4.04344	1.17069	0.593316	1	1	-1
16514.7	14686.9	7058.59	12.1693	200.835	1405.45	206.471	206.471	574.017	320.426	319.829	902.011	354.672	286.925	1058.59	10	104	93	24	102	106	91	95	21	27	215	4.80256	1.20002	0.608178	1	1	-1
16526.1	26394.7	7134.95	12.0391	199.073	1394.64	264.822	264.822	654.418	320.526	319.816	899.604	366.146	314.689	834.95	11	104	166	25	102	106	164	168	22	28	217	4.17567	1.10573	0.56039	1	1	-1
16626.9	11807.6	2922.32	13.7279	200.867	1401.39	196.874	196.874	543.333	320	319.686	902.836	306.926	287.558	1122.32	11	105	75	10	103	107	73	77	7	13	217	5.27424	1.28516	0.651327	1	1	-1
16787.2	19678.8	2599.87	13.4619	199.555	1500.71	237.678	237.678	599.54	319.829	319.883	905.637	307.245	318.829	1399.87	11	106	124	8	104	108	122	126	5	11	221	4.8581	1.27837	0.647888	1	1	-1
16848.5	32255	4287.98	11.2851	199.065	1719.78	286.831	286.831	776.954	320.409	319.349	904.093	368.518	255.024	1287.98	11	106	203	14	104	108	201	205	11	17	216	3.76212	1.12264	0.568962	1	1	-1
16959.2	33353.6	2832.35	15.4854	201.127	1139.97	173.486	173.486	486.136	320.058	319.025	898.838	319.172	233.631	732.345	9	107	210	11	105	109	208	212	8	14	221	5.10455	1.24503	0.630992	1	1	-1
17075	907.439	5798.48	12.333	199.699	1209.48	242.275	242.275	597.406	319.672	319.276	901.34	275.044	267.439	998.478	10	108	7	20	106	110	5	9	17	23	216	4.64937	1.09754	0.556242	1	1	-1
17189.2	21308.3	7219.27	12.4881	200.779	1133.93	217.818	217.818	478.053	320.943	320.081	900.446	389.24	348.266	919.268	11	108	134	25	106	110	132	136	22	28	216	4.12814	1.11698	0.566095	1	1	-1
17365.7	9223.24	5854.3	12.472	201.161	1381.3	185.044	185.044	468.26	320.679	319.073	899.679	405.75	263.24	754.304	18	109	59	21	107	111	57	61	18	24	216	4.85633	1.14275	0.579155	1	1	-1
17453.5	3619.11	3472.08	13.1216	200.794	1575.01	208.033	208.033	600.547	320.3	319.382	898.672	333.476	259.11	772.079	8	110	24	13	108	112	22	26	10	16	216	4.97276	1.31002	0.663928	1	1	-1
17672.3	4427.91	6975.06	12.2045	200.67	1187.45	235.506	235.506	502.467	318.91	319.488	900.715	232.326	267.906	975.059	9	112	29	24	110	114	27	31	21	27	217	4.09229	1.0994	0.557182	1	1	-1
17715.5	19734.4	2563.3	13.7188	199.792	1508.7	218.516	218.516	555.069	319.365	318.695	901.789	275.459	214.437	1063.3	10	112	125	9	110	114	123	127	6	12	217	4.67702	1.20548	0.610944	1	1	-1
17920.7	3722.98	5171.35	12.3479	199.338	1355.32	262.336	262.336	707.465	319.996	320.359	897.351	320.731	362.98	671.355	9	113	24	19	111	115	22	26	16	22	216	4.22039	1.12533	0.570326	1	1	-1
17932.5	27686.7	7209.28	11.385	198.716	1291.88	291.822	291.822	717.734	319.991	320.004	896.594	332.482	326.69	609.281	10	113	174	26	111	115	172	176	23	29	215	3.42835	0.975396	0.494338	1	1	-1
17938.2	33121.8	6593.87	12.4367	199.827	1270.88	248.673	248.673	541.17	320.391	320.13	900.118	338.184	321.769	893.87	9	113	208	23	111	115	206	210	20	26	216	3.77126	1.05938	0.536902	1	1	-1
18339.7	17930.2	6244.09	12.2694	199.585	1371.46	256.07	256.07	621.936	319.138	320.004	903.571	259.678	330.169	1144.09	13	116	113	21	114	118	111	115	18	24	217	4.31752	1.11467	0.564921	1	1	-1
18500.5	33833.9	4546.8	12.7744	199.99	1044.92	226.526	226.526	559.156	319.384	321.016	900.388	260.546	393.896	946.804	8	117	212	16	115	119	210	214	13	19	218	4.57361	1.12995	0.572665	1	1	-1
18700.3	34228.3	2586.31	11.495	200.288	1457.17	224.761	224.761	651.622	321.465	319.699	899.916	460.305	308.294	786.313	12	117	215	10	115	119	213	217	7	13	217	3.84445	1.21161	0.61405	1	1	-1
18829.8	28588.1	7363.62	14.4677	200.066	1578.97	225.661	225.661	542.138	321.383	319.201	902.441	429.766	268.138	1063.62	9	118	180	25	116	120	178	182	22	28	222	4.82963	1.31162	0.66474	1	1	-1
18999.7	10722.3	4259.96	10.48	201.319	1537.44	209.835	209.835	543.013	319.538	320.121	897.821	279.739	322.261	659.958	10	120	68	16	118	122	66	70	13	19	214	4.00784	1.02184	0.517878	1	1	-1
18994.8	17598.1	3976.42	17.4136	202.042	1486.6	146.868	146.868	438.864	319.686	320.184	900.79	274.751	318.069	976.416	7	120	111	14	118	122	109	113	11	17	217	6.07593	1.33617	0.677179	1	1	-1
19533.4	13185.2	3264.73	12.3142	200.257	1394.4	225.98	225.98	597.725	320.216	319.025	902.721	333.449	225.161	1164.73	10	123	84	11	121	125	82	86	8	14	218	4.06279	1.19997	0.608155	1	1	-1
19618.7	26952.1	2078.24	12.1726	198.934	1285.9	288.349	288.349	661.614	321.177	318.976	899.554	418.711	232.114	878.237	10	123	170	8	121	125	168	172	5	11	215	4.27356	1.12958	0.572481	1	1	-1
19564.8	35125.7	2356.06	13.668	200.958	1320.52	199.174	199.174	516.913	320.731	319.125	899.42	364.78	245.706	856.065	10	123	221	9	121	125	219	223	6	12	220	5.73938	1.18507	0.600602	1	1	-1
19751.9	2064.42	4884.78	13.5361	201.473	1264.4	189.367	189.367	341.269	321.021	319.789	899.789	391.933	304.42	984.781	10	124	14	17	122	126	12	16	14	20	218	4.2191	1.0058	0.509746	1	1	-1
20002.6	10691.1	6714.76	13.7579	198.751	1139.01	270.509	270.509	674.441	322.013	319.708	901.407	482.626	291.086	1014.76	9	125	68	23	123	127	66	70	20	26	215	4.07235	1.23321	0.625002	1	1	-1
19823.6	37086.3	6849.74	12.5582	199.051	1221.13	262.153	262.153	771.345	319.802	319.636	896.137	303.605	286.254	549.742	9	125	233	25	123	127	231	235	22	28	214	4.24154	1.13042	0.572903	1	1	-1
20043	21376.6	6141.55	13.7256	200.797	1208.62	199.198	199.198	471.642	320.297	319.213	898.66	362.954	256.559	741.546	9	126	135	22	124	128	133	137	19	25	218	4.71676	1.15071	0.583187	1	1	-1
20006.5	28911.5	6456.01	13.5409	199.683	1278.02	251.838	251.838	577.157	320.103	319.327	898.226	326.5	271.482	756.012	9	126	182	23	124	128	180	184	20	26	215	4.54875	1.20708	0.611755	1	1	-1
19996.9	31370.4	6518.23	14.5166	201.465	1351.73	164.105	164.105	516.057	319.937	320.157	899.579	316.923	330.429	818.225	8	126	197	23	124	128	195	199	20	26	217	5.47709	1.28713	0.652325	1	1	-1
20135	11944.7	3774.7	12.8742	201.575	1281.45	184.338	184.338	499.425	319.708	319.641	898.991	295.025	264.746	774.702	9	127	76	14	125	129	74	78	11	17	217	4.99773	1.15748	0.586617	1	1	-1
20134.9	16808.5	6560.04	12.8272	199.817	1353.42	239.111	239.111	586.127	319.668	320.202	899.68	294.915	328.507	860.038	7	127	106	23	125	129	104	108	20	26	217	3.83991	1.11578	0.565484	1	1	-1
20049.1	19106.2	3495.73	11.8668	199.787	1220.75	251.371	251.371	697.444	318.782	320.728	896.209	209.126	386.247	495.727	10	127	120	14	125	129	118	122	11	17	215	3.49704	1.13188	0.573646	1	1	-1
20792.5	7861.65	6215.82	11.7769	199.641	1336.08	249.832	249.832	657.258	319.906	320.274	899.2	312.491	341.654	815.822	7	131	50	22	129	133	48	52	19	25	213	3.29629	1.14293	0.579247	1	1	-1
20837.6	34178.3	5563.27	12.3318	198.552	1253.3	290.969	290.969	737.56	320.543	319.174	898.216	357.612	258.323	763.268	10	131	215	20	129	133	213	217	17	23	214	3.66003	1.09507	0.554988	1	1	-1
21037.2	12530.6	4089.66	14.9974	199.575	1473.69	219.199	219.199	568.828	321.088	320.769	898.82	397.199	370.602	789.658	9	132	79	15	130	134	77	81	12	18	217	5.42565	1.44049	0.730049	1	1	-1
21077.1	8613.77	3173.95	12.8452	201.847	1289.88	189.201	189.201	423.902	319.628	319.991	898.991	277.099	293.767	773.955	8	133	55	12	131	135	53	57	9	15	214	4.05159	1.10116	0.558075	1	1	-1
21203.2	17280	2387.65	11.9938	200.513	1174.08	235.774	235.774	511.794	320.817	320.225	899.621	403.169	319.96	887.652	8	133	109	9	131	135	107	111	6	12	213	3.38589	1.07406	0.544342	1	1	-1
21283.7	3466.6	4028.17	13.2767	199.203	1352.53	268.396	268.396	549.981	320.207	321.259	897.504	323.669	426.604	728.172	11	134	22	15	132	136	20	24	12	18	219	4.4838	1.13953	0.577522	1	1	-1
21626.9	5720.05	6210.33	11.9754	199.553	1182.37	235.12	235.12	615.665	320.176	319.365	902.566	346.908	280.053	1110.33	9	136	37	21	134	138	35	39	18	24	212	4.43455	1.12493	0.570122	1	1	-1
21555.8	28576.5	4422.15	11.5249	200.589	1373.94	212.569	212.569	598.749	319.717	320.733	896.804	275.798	416.498	522.153	9	136	179	17	134	138	177	181	14	20	214	4.13505	1.08172	0.548225	1	1	-1
21882.7	16348.8	6407.02	9.4965	200.274	1086.07	270.341	270.341	603.393	320.966	320.148	901.298	442.735	348.793	1007.02	9	137	103	22	135	139	101	105	19	25	212	3.0577	0.912189	0.462304	1	1	-1
21996.8	18007.3	5740.55	12.8287	201.357	1182.32	167.365	167.365	601.675	320.669	319.281	900.371	396.788	247.342	940.55	7	138	114	20	136	140	112	116	17	23	217	4.63557	1.25608	0.63659	1	1	-1
22229.9	25398.4	4518.63	11.0291	199.923	1414.51	270.816	270.816	578.046	321.384	319.384	900.177	469.882	278.387	918.627	10	139	160	16	137	141	158	162	13	19	215	3.53379	0.968267	0.490724	1	1	-1
22083	33191.5	4596.97	13.8522	200.428	1097.99	205.353	205.353	553.214	319.879	320.84	901.17	322.999	391.486	996.971	8	139	208	16	137	141	206	210	13	19	214	4.88036	1.32518	0.671612	1	1	-1
22185.6	23573.4	2565.33	12.9242	199.407	1392.86	253.808	253.808	594.213	319.425	320.732	902.477	265.606	373.364	1065.33	8	140	148	9	138	142	146	150	6	12	214	4.3385	1.11509	0.565133	1	1	-1
22471.9	39008	2779.9	16.747	201.121	1210.65	168.786	168.786	491.432	321.082	319.65	901.793	391.902	287.983	979.902	11	141	245	10	139	143	243	247	7	13	218	5.6208	1.39191	0.705431	1	1	-1
22486.5	7770.29	2626.65	18.6159	200.658	1051.4	186.07	186.07	422.15	318.962	321.173	898.374	246.457	410.294	826.652	9	142	49	10	140	144	47	51	7	13	221	6.20373	1.49564	0.758	1	1	-1
22508	15380.8	2466.08	12.8141	199.889	1179.14	234.456	234.456	651.781	319.443	318.405	897.759	268.017	180.84	666.075	9	142	98	10	140	144	96	100	7	13	218	4.17882	1.26077	0.638966	1	1	-1
22584.2	18870.2	8351.38	6.13868	199.627	658.642	98.3275	98.3275	446.033	320.393	320.046	899.58	344.248	310.238	851.381	8	142	119	29	140	144	117	121	26	32	205	2.0671	0.614955	0.311664	1	1	-1
22722.9	20959.6	6818.52	10.656	200.612	1318.86	231.478	231.478	535.669	319.955	319.955	902.705	322.918	319.624	1118.52	11	143	132	23	141	145	130	134	20	26	213	4.19579	0.983847	0.498621	1	1	-1
22689.7	35848.2	7516.04	11.9597	200.428	1046.58	226.288	226.288	528.455	319.784	320.193	900.017	289.662	328.23	916.037	7	143	225	26	141	145	223	227	23	29	214	4.34595	1.03483	0.524458	1	1	-1
22885.8	4533.75	3795.16	13.0755	200.435	1435.98	223.114	223.114	468.805	319.888	318.574	899.174	325.768	213.755	795.157	10	144	30	14	142	146	28	32	11	17	215	4.27575	1.20071	0.608529	1	1	-1
22897.4	17446.1	3341.04	9.44888	199.244	1350.69	337.521	337.521	683.183	320.171	321.318	900.32	337.418	486.1	941.038	11	144	109	12	142	146	107	111	9	15	215	2.77157	0.906231	0.459284	1	1	-1
22947	25265.4	5346.45	20.2492	199.963	2007.19	257.105	257.105	654.216	321.178	322.701	898.821	386.971	465.405	846.454	10	144	158	19	142	146	156	160	16	22	224	7.13918	1.85735	0.941316	1	1	-1
22818.4	34762.1	7117.09	14.7689	201.167	1166.79	181.774	181.774	421.836	319.411	320.373	900.084	258.443	362.082	817.095	7	144	218	25	142	146	216	220	22	28	218	4.80684	1.21263	0.614571	1	1	-1
23064.4	38013.5	2393.02	12.3721	198.391	1398.53	282.24	282.24	716.077	320.301	319.195	899.781	344.401	253.536	893.022	9	145	239	9	143	147	237	241	6	12	220	4.00207	1.11528	0.565233	1	1	-1
23526.9	2420.25	3905.13	12.3812	199.738	1111.32	227.223	227.223	642.753	320.067	320.153	896.812	326.857	340.246	605.13	9	148	16	15	146	150	14	18	12	18	215	4.07998	1.18869	0.602436	1	1	-1
23605.3	30308.9	2053.91	11.5328	200.148	1293.96	246.327	246.327	581.723	321.029	318.967	899.057	405.332	228.917	853.908	12	148	191	8	146	150	189	193	5	11	216	4.2973	1.17126	0.593604	1	1	-1
23456	30827.8	5668.16	12.5493	198.314	1292.68	285.174	285.174	704.568	319.248	319.487	903.156	255.994	267.845	1168.16	9	148	194	19	146	150	192	196	16	22	216	3.17584	1.04624	0.53024	1	1	-1
23508.3	38109.2	6157.88	11.4159	200.025	1302.66	248.335	248.335	642.611	319.924	320.076	904.601	308.301	349.237	1357.88	10	148	239	20	146	150	237	241	17	23	215	3.58008	1.03995	0.527052	1	1	-1
23545.3	38940.2	5922.46	13.3916	201.505	1048.2	178.963	178.963	485.086	320.435	319.201	901.49	345.277	220.172	1122.46	9	148	245	20	146	150	243	247	17	23	217	4.49205	1.1166	0.565901	1	1	-1
23745	19761.9	4473.72	14.6484	200.564	1168.89	195.392	195.392	512.631	320.849	319.272	899.916	384.956	241.933	873.723	11	149	125	16	147	151	123	127	13	19	218	5.08637	1.29356	0.655583	1	1	-1
23957.3	9155.89	2614.31	11.6173	200.729	1274.62	209.904	209.904	652.432	319.64	320.031	904.281	277.307	355.889	1414.31	12	151	58	8	149	153	56	60	5	11	219	4.21383	1.06103	0.537739	1	1	-1
24098.9	10604.1	2352.73	11.1446	198.769	1302.17	299.942	299.942	711.571	321.061	320.373	899.469	418.854	364.082	852.732	9	151	67	9	149	153	65	69	6	12	215	3.29031	0.944787	0.478825	1	1	-1
24221.8	3407.62	1957.47	15.4951	199.046	1137.05	234.365	234.365	534.767	320.838	318.734	897.652	381.8	207.62	757.471	9	152	23	8	150	154	21	25	5	11	219	4.41594	1.3731	0.695899	1	1	-1
24269.5	9010.17	7419.12	12.2036	200.038	1333.23	237.807	237.807	678.713	321.44	320.525	902.364	429.509	370.174	1119.12	11	152	57	25	150	154	55	59	22	28	218	5.0487	1.25278	0.634919	1	1	-1
24242.7	20933	4243.73	13.6663	199.866	1321.5	240.704	240.704	610.24	319.144	319.534	900.496	242.719	293.029	943.725	7	153	132	15	151	155	130	134	12	18	218	4.88476	1.24157	0.629237	1	1	-1
24401.9	15149.4	4315.71	15.9012	200.233	1302.21	201.225	201.225	469.692	319.042	319.105	898.355	241.897	269.445	715.706	9	154	96	16	152	156	94	98	13	19	219	5.31577	1.41463	0.716944	1	1	-1
24845.4	12786.9	6765.54	10.8413	200.575	1239.29	213.698	213.698	630.486	318.786	319.879	898.955	205.428	306.922	765.538	9	157	81	24	155	159	79	83	21	27	216	3.89436	1.1284	0.571881	1	1	-1
24932.5	24521.9	2228.89	13.315	198.415	1204.09	275.158	275.158	698.913	319.636	320.66	897.776	292.543	361.906	728.889	8	157	154	9	155	159	152	156	6	12	212	3.49018	1.08313	0.548936	1	1	-1
25005	30841.4	2080.78	13.1544	200.212	1178.81	228.577	228.577	502.493	320.58	319.546	899.764	364.997	281.378	880.779	7	157	194	8	155	159	192	196	5	11	214	4.08873	1.12704	0.571192	1	1	-1
24958.2	33651.2	6267.24	12.4583	199.779	1336.16	240.99	240.99	617.526	319.843	318.849	903.194	318.245	211.213	1167.24	12	157	212	21	155	159	210	214	18	24	219	4.32866	1.18801	0.602091	1	1	-1
25321.7	13477.5	5271.76	12.3597	199.648	1354.79	235.321	235.321	702.08	318.987	320.464	904.321	201.72	357.542	1371.76	10	160	85	17	158	162	83	87	14	20	213	3.90743	1.23962	0.628246	1	1	-1
25744	38695.9	4803.98	10.302	198.58	1095.78	345.523	345.523	940.441	321.992	319.824	896.164	623.95	295.854	303.985	12	160	243	19	158	162	241	245	16	22	211	3.01267	1.05776	0.536078	1	1	-1
25635.9	6888.99	2035.2	13.1007	200.997	999.474	201.588	201.588	471.303	320.211	320.022	898.602	355.879	328.995	835.196	8	161	44	8	159	163	42	46	5	11	215	4.28341	1.07021	0.542392	1	1	-1
25738.3	32070.5	3767.06	14.7045	200.671	1085.69	207.727	207.727	496.916	319.78	320.942	902.557	298.289	390.471	1067.06	9	162	201	13	160	164	199	203	10	16	215	4.91879	1.25267	0.634861	1	1	-1
25909.4	1344.74	4362.88	13.0485	200.555	1424.21	207.354	207.354	606.924	319.883	320.731	898.418	309.431	384.741	762.884	9	163	9	16	161	165	7	11	13	19	216	4.33733	1.32337	0.670692	1	1	-1
25859.1	5253.96	6731.44	12.3355	199.173	1077.76	263.214	263.214	663.313	319.147	319.6	901.76	259.12	293.964	1031.44	9	163	34	23	161	165	32	36	20	26	215	3.95732	1.17223	0.594096	1	1	-1
25959.5	29869.3	4685.77	12.2224	199.335	1436.36	251.699	251.699	647.026	320.405	321.255	902.286	359.509	429.32	1085.77	13	163	187	16	161	165	185	189	13	19	214	3.94813	1.23742	0.627133	1	1	-1
26023.8	5400.3	3487.49	12.2255	199.013	1128.49	278.701	278.701	744.135	319.281	317.923	898.727	263.771	120.299	787.494	10	164	36	13	162	166	34	38	10	16	216	4.06086	1.26959	0.643435	1	1	-1
26308.3	3130.57	6994.75	15.8308	201.234	1247.3	179.061	179.061	466.029	320.776	319.233	900.53	388.274	250.572	994.751	8	165	21	24	163	167	19	23	21	27	220	5.34402	1.33501	0.676593	1	1	-1
26423.2	18000.9	5980.09	9.67182	200.319	1085.04	245.54	245.54	649.379	320.117	319.182	900.126	343.236	240.859	880.094	8	166	114	21	164	168	112	116	18	24	216	3.39375	0.954522	0.483759	1	1	-1
26804.7	7762.62	3605.7	13.7907	199.918	1242.7	219.366	219.366	539.854	320.774	321.035	896.404	404.715	402.617	605.697	11	168	49	14	166	170	47	51	11	17	216	5.31281	1.33682	0.677512	1	1	-1
26663.6	14804.5	6664	14.8967	200.757	1643.17	258.159	258.159	588.248	319.448	321.011	896.294	263.586	404.512	664.002	11	168	93	24	166	170	91	95	21	27	219	5.05468	1.31116	0.664503	1	1	-1
26813.2	9666.96	6317.59	14.3178	199.933	1306.37	223.766	223.766	608.098	319.179	320.776	900.252	253.213	386.956	917.592	8	169	61	22	167	171	59	63	19	25	219	4.6137	1.32977	0.673938	1	1	-1
27094	24999.3	6524.1	10.8451	199.909	1110.88	276.366	276.366	661.179	318.972	320.409	895.858	214.043	359.26	524.102	11	171	157	24	169	173	155	159	21	27	215	3.26761	0.998028	0.505808	1	1	-1
27180.1	40088.2	1708.39	13.5949	201.116	1335.46	186.082	186.082	517.575	319.758	319.089	899.495	300.123	248.164	808.385	8	171	252	7	169	173	250	254	4	10	217	4.97908	1.18793	0.602053	1	1	-1
27449.8	894.232	2049.02	14.8298	200.151	1191.1	196.537	196.537	551.158	320.994	321.152	899.798	409.775	414.232	849.017	9	172	6	8	170	174	4	8	5	11	219	4.68569	1.27539	0.646378	1	1	-1
27296.6	2231.34	2234.45	12.9324	199.648	1461.18	237.249	237.249	643.159	319.415	318.201	902.505	256.608	151.345	1034.45	11	172	16	8	170	174	14	18	5	11	220	4.10217	1.30708	0.662439	1	1	-1
27356.3	12193.2	6507.19	16.6839	201.223	1090.62	186.479	186.479	423.817	319.96	320.74	898.386	316.283	353.209	807.188	8	172	77	23	170	174	75	79	20	26	219	6.09011	1.35221	0.685309	1	1	-1
27301.4	25567.1	6262.82	14.1147	196.115	1629.67	383.85	383.85	878.702	319.359	319.592	903.968	261.368	287.091	1162.82	11	172	161	21	170	174	159	163	18	24	217	3.91552	1.05674	0.535563	1	1	-1
27630.4	10158.9	4695.29	12.6919	200.583	1237.55	200.572	200.572	668.451	321.396	319.16	898.737	430.392	238.916	795.291	9	173	65	17	171	175	63	67	14	20	216	4.16917	1.26456	0.640887	1	1	-1
27447.3	37966.3	4365.53	15.4102	201.137	1174.74	181.499	181.499	423.625	319.285	320.485	899.107	247.305	366.262	765.532	9	173	238	16	171	175	236	240	13	19	221	4.65961	1.24291	0.629916	1	1	-1
27718.4	19442.9	2677.84	12.8659	199.952	1241.43	221.614	221.614	564.713	320.279	319.194	896.413	358.372	242.888	577.84	10	174	123	11	172	176	121	125	8	14	219	4.39222	1.22607	0.621381	1	1	-1
27585.1	23336.4	3305.05	11.9533	200.561	1348.22	235.948	235.948	546.197	318.892	319.798	900.984	225.051	296.366	905.053	10	174	147	12	172	176	145	149	9	15	217	4.38344	1.13002	0.572703	1	1	-1
27554.8	35893.6	4727.62	9.4444	200.468	1312.2	282.838	282.838	545.64	319.178	319.137	898.77	194.833	213.559	827.621	11	174	226	17	172	176	224	228	14	20	213	3.07597	0.937599	0.475182	1	1	-1
27854.8	22149.2	7404.05	12.1371	199.217	1077.98	261.943	261.943	692.634	320.094	320.876	902.442	334.751	389.2	1104.05	10	175	139	25	173	177	137	141	22	28	215	3.72163	1.11586	0.565527	1	1	-1
27759.9	22522.8	4595.26	12.7244	199.026	1241.37	255.153	255.153	839.149	319.029	321.479	903.565	239.902	442.818	1295.26	10	175	141	15	173	177	139	143	12	18	219	4.2914	1.22341	0.620035	1	1	-1
28086.2	8030.21	2504.38	13.5943	200.118	1382.6	225.847	225.847	609.232	320.71	320.31	904.665	406.16	350.213	1304.38	10	176	51	8	174	178	49	53	5	11	216	4.48743	1.26603	0.641635	1	1	-1
28100.1	15062.5	5532.24	12.2856	197.767	1161.36	312.598	312.598	734.722	319.406	320.36	901.982	260.055	342.485	1032.24	10	177	95	19	175	179	93	97	16	22	212	3.70163	1.06387	0.539175	1	1	-1
28747.4	15885.1	3508.89	14.316	200.578	1304.59	194.195	194.195	550.244	321.429	320.463	902.402	427.429	365.085	1108.89	11	180	100	12	178	182	98	102	9	15	217	5.52754	1.3557	0.68708	1	1	-1
28974.9	5534.45	6907.98	11.7639	200.822	1092.95	230.774	230.774	511.584	320.233	320.915	900.244	334.883	414.448	907.982	9	182	35	24	180	184	33	37	21	27	214	3.75202	0.995785	0.504671	1	1	-1
29112.7	32540.3	6780.1	10.4354	200.838	1287.45	215.606	215.606	602.759	319.704	320.62	899.116	312.699	380.275	780.097	9	183	204	24	181	185	202	206	21	27	212	3.61736	1.03052	0.522273	1	1	-1
29240.9	38145	2367.33	18.0346	199.726	1454.57	244.092	244.092	790.459	322.257	318.143	898.975	440.943	224.982	867.333	10	183	240	9	181	185	238	242	6	12	219	5.81389	1.85128	0.938239	1	1	-1
29415.4	12494.9	7379.92	13.4458	200.256	1493.39	203.927	203.927	565.004	319.744	320.184	898.988	295.419	334.883	779.917	8	185	79	26	183	187	77	81	23	29	216	4.61389	1.2431	0.630013	1	1	-1
29304	30532.4	6449	12.17	199.896	1272.67	226.062	226.062	539.218	318.678	321.092	898.418	183.962	452.404	749.002	11	185	191	23	183	187	189	193	20	26	218	3.87091	1.15537	0.585549	1	1	-1
29557.8	27440.4	3622.08	13.0838	199.746	1191.09	243	243	632.936	319.52	318.932	896.743	277.757	240.432	622.084	10	186	173	14	184	188	171	175	11	17	221	4.67597	1.19514	0.605704	1	1	-1
29745.5	5870.73	2037.1	10.6501	198.95	1228.5	314.521	314.521	691.643	318.587	320.99	899.713	145.498	430.733	837.099	10	188	37	8	186	190	35	39	5	11	213	2.93669	1.03995	0.527055	1	1	-1
30437.3	867.78	7023.89	13.2553	200.254	1198.96	222.189	222.189	542.949	320.624	320.844	901.642	357.256	387.78	1023.89	10	191	6	24	189	193	4	8	21	27	216	5.05279	1.23251	0.624647	1	1	-1
30774.9	31198.3	5179.76	11.4896	200.451	1332.14	216.849	216.849	654.137	320.642	320	897.979	374.917	318.287	679.763	9	193	196	19	191	195	194	198	16	22	217	4.42605	1.16894	0.592427	1	1	-1
30699.5	39358.7	3538.27	10.9224	200.332	1134.88	225.808	225.808	513.83	319.829	321.285	899.831	299.537	478.715	838.267	9	193	246	13	191	195	244	248	10	16	214	2.93771	0.964228	0.488677	1	1	-1
30908.4	12388.9	3548.44	12.3078	200.418	1378.23	222.281	222.281	536.796	320.292	320.724	902.478	348.418	388.931	1148.44	9	194	78	12	192	196	76	80	9	15	217	4.70084	1.12129	0.568278	1	1	-1
30928.6	32041.8	7094.45	12.7155	201.016	1287.37	204.818	204.818	437.258	320.494	320.364	901.896	368.569	361.8	1094.45	9	194	201	24	192	196	199	203	21	27	219	4.00896	1.0727	0.543652	1	1	-1
30855.6	40051	6314.01	12.6221	199.704	777.069	58.4609	58.4609	418.951	319.63	319.835	899.811	295.636	371.034	614.008	9	194	251	23	192	196	249	253	20	26	207	2.0412	0.634686	0.321663	1	1	-1
31047.3	3693.55	4875.84	11.8469	199.939	1007.99	237.403	237.403	604.992	320.13	320.184	897.649	327.282	333.549	675.843	8	195	24	18	193	197	22	26	15	21	214	3.6081	1.01572	0.514772	1	1	-1
31162	25163.4	3247.51	12.3507	199.762	1167.27	232.153	232.153	619.31	321.346	320.45	896.209	442.028	363.435	547.514	10	195	158	13	193	197	156	160	10	16	217	4.22545	1.17526	0.595632	1	1	-1
31037.9	29773.3	5083.7	12.1685	200.324	1316.47	233.585	233.585	521.062	320.261	320.355	899.419	317.872	333.261	883.696	13	195	187	18	193	197	185	189	15	21	218	4.58858	1.13512	0.575288	1	1	-1
31184.7	24065	2673.16	12.0093	200.638	1161.64	224.449	224.449	607.29	319.883	320.875	896.846	304.709	385.024	573.16	11	196	151	11	194	198	149	153	8	14	215	4.59013	1.10434	0.559685	1	1	-1
31526.3	15198.5	5760.54	12.3701	201.033	1404.21	225.297	225.297	482.994	320.269	319.735	897.453	326.346	318.453	660.536	9	198	96	21	196	200	94	98	18	24	215	3.83711	1.06137	0.537908	1	1	-1
31560	21912	6765.41	10.8148	200.053	1198.2	243.041	243.041	653.663	320.476	319.87	901.499	360.005	311.988	1065.41	9	198	138	23	196	200	136	140	20	26	214	3.58979	0.9765	0.494897	1	1	-1
31667.8	35460.1	3741.78	14.3592	199.781	1184.84	225.237	225.237	549.725	319.874	319.187	898.13	307.776	260.136	741.782	10	199	223	14	197	201	221	225	11	17	221	5.30508	1.26529	0.641259	1	1	-1
32039.5	8374.12	5317.92	11.0612	198.52	1392.88	317.97	317.97	855.363	321.877	319.064	902.211	519.478	214.12	1117.92	10	200	54	18	198	202	52	56	15	21	213	3.68349	1.17124	0.593593	1	1	-1
31835.7	28225.4	1501.33	12.2882	200.069	1183.12	231.384	231.384	607.644	319.969	320.508	903.876	315.65	385.437	1201.33	11	200	177	5	198	202	175	179	2	8	215	4.24848	1.16205	0.588936	1	1	-1
31949.4	5154.2	3004.48	13.6013	198.227	1231.93	280.088	280.088	699.552	319.38	320.463	899.907	269.417	354.2	904.48	9	201	33	11	199	203	31	35	8	14	216	4.2371	1.20214	0.609254	1	1	-1
32006.7	26550.6	5749.97	15.5595	199.506	1187.4	227.062	227.062	580.716	319.744	319.807	901.085	326.685	310.557	949.973	9	201	167	20	199	203	165	169	17	23	218	5.44469	1.38673	0.702805	1	1	-1
31910.4	29079.1	5328.44	10.9647	200.295	1242.25	207.645	207.645	590.035	319.373	321.253	899.459	230.374	439.067	828.437	10	201	182	19	199	203	180	184	16	22	215	3.56765	1.04476	0.529492	1	1	-1
31998.1	14651.1	7024.72	11.5979	200.012	1100.59	289.53	289.53	481.732	318.82	319.536	894.521	158.064	251.081	424.717	12	202	93	26	200	204	91	95	23	29	216	3.53287	0.995117	0.504332	1	1	-1
32358.6	31244.9	3970.12	10.6559	200.027	1223.25	269.298	269.298	610.546	320.238	320.341	904.018	358.621	364.884	1270.12	10	203	196	13	201	205	194	198	10	16	216	3.33103	0.926429	0.469521	1	1	-1
32516.2	27377.5	3160.22	12.6576	200.576	1186.18	209.507	209.507	529.74	320.598	320.247	901.213	356.189	337.472	1060.22	9	204	172	11	202	206	170	174	8	14	215	4.54506	1.17932	0.597686	1	1	-1
32716.2	1331.15	3585.11	11.6392	200.561	1268.24	246.943	246.943	440.975	320.81	320.324	903.424	396.237	371.15	1185.11	11	205	9	12	203	207	7	11	9	15	214	3.70159	1.00719	0.510449	1	1	-1
32619.5	20368.9	4547.94	13.0691	200.898	1312	191.796	191.796	482.508	320.063	320.297	897.352	299.539	368.931	647.938	10	205	128	17	203	207	126	130	14	20	216	4.41749	1.21895	0.617774	1	1	-1
33106.6	39495.7	6909.02	12.5352	198.781	1231.79	292.169	292.169	598.978	321.575	319.771	899.84	466.574	295.653	909.021	10	207	248	24	205	209	246	250	21	27	215	3.93571	1.04735	0.530805	1	1	-1
33100	14210.9	6534.59	11.6366	200.199	1105.21	251.462	251.462	528.367	319.969	319.69	899.529	300.016	290.884	834.593	9	208	90	23	206	210	88	92	20	26	214	3.82743	0.936753	0.474753	1	1	-1
33180.6	17445.2	4852.13	12.5439	200.508	1263.66	239.799	239.799	455.513	319.151	319.924	897.573	220.584	325.175	652.127	9	209	110	18	207	211	108	112	15	21	218	3.6644	1.07004	0.542306	1	1	-1
33541	19594.8	3455.46	10.738	199.652	1208.57	251.244	251.244	820.583	321.057	320.922	903.155	420.987	394.827	1355.46	11	210	123	11	208	212	121	125	8	14	216	3.95836	1.14254	0.579047	1	1	-1
33524.3	24909.4	3649.88	11.7969	199.836	1449.65	259.277	259.277	626.031	320.804	321.096	896.37	404.259	429.442	649.883	12	210	156	14	208	212	154	158	11	17	215	3.85116	1.16118	0.588496	1	1	-1
33740.4	24801	7240.39	15.5246	200.213	1325.95	199.408	199.408	568.183	319.915	320.148	900.261	300.362	320.954	940.391	7	212	156	25	210	214	154	158	22	28	215	5.92147	1.46704	0.743507	1	1	-1
33681.1	38725.2	2000.27	10.7492	199.156	1249.59	289.032	289.032	649.747	319.334	320.117	902.775	241.122	325.159	1100.27	11	212	243	7	210	214	241	245	4	10	215	3.3428	0.954837	0.483918	1	1	-1
33846.2	4979.65	4551.56	14.8851	201.382	1286.3	165.747	165.747	502.357	319.165	320.045	900.219	246.156	339.645	951.562	10	213	32	16	211	215	30	34	13	19	219	5.6251	1.31352	0.6657	1	1	-1
34134.2	7283.57	3054.84	13.5452	200.647	911.141	211.913	211.913	505.95	320.552	319.106	897.246	374.239	243.573	654.84	10	214	47	12	212	216	45	49	9	15	216	4.47733	1.1552	0.585464	1	1	-1
34170.2	11839.8	1608.13	14.7127	200.858	1501.68	200.173	200.173	427.555	321.133	320.378	900.581	410.246	319.773	1008.13	11	214	75	6	212	216	73	77	3	9	218	4.9387	1.19347	0.60486	1	1	-1
34265.5	29361.6	2310.87	11.4432	200.558	1305.53	226.421	226.421	533.617	320.252	320.737	902.882	345.525	401.626	1110.87	10	215	184	8	213	217	182	186	5	11	214	4.31229	1.15697	0.58636	1	1	-1
34289.3	35133.1	4285.31	13.5408	199.043	1220.55	250.844	250.844	669.392	318.715	318.912	901.39	209.35	253.058	985.314	9	216	221	15	214	218	219	223	12	18	216	4.68681	1.2835	0.650485	1	1	-1
34621.2	16185.5	5406.5	11.9954	199.427	1267.58	252.432	252.432	636.015	320.675	320.369	896.879	381.238	345.472	606.5	10	217	102	20	215	219	100	104	17	23	218	3.77384	1.03042	0.522224	1	1	-1
34539.1	23842.3	2411.86	15.7724	199.934	1507.43	209.728	209.728	597.196	319.874	319.892	896.239	299.136	322.326	611.86	9	217	150	10	215	219	148	152	7	13	218	5.45231	1.44724	0.733473	1	1	-1
34565.4	26543.4	1812.7	10.7598	200.046	1038.16	229.681	229.681	609.858	320.122	319.752	895.331	325.411	303.36	312.697	11	217	167	9	215	219	165	169	6	12	215	3.58991	0.978796	0.496061	1	1	-1
35255.1	16509.7	4985.45	13.217	200.425	1589.95	226.456	226.456	548.135	318.672	320.139	899.049	215.143	349.727	785.451	9	222	104	18	220	224	102	106	15	21	216	4.40948	1.19444	0.605351	1	1	-1
35476.5	19031.2	3705.03	11.0945	199.297	1085.94	256.194	256.194	735.876	321.126	319.955	903.505	436.519	311.18	1305.03	9	222	120	12	220	224	118	122	9	15	213	3.79345	1.09473	0.554818	1	1	-1
35742.1	5659.86	6358.28	15.2585	198.994	1925.83	313.492	313.492	738.137	321.009	318.422	900.95	382.14	219.865	958.28	11	224	37	22	222	226	35	39	19	25	217	4.59575	1.3907	0.704817	1	1	-1
35801.7	34540.6	3475.64	14.285	201.099	1278.69	165.413	165.413	476.509	319.631	319.613	901.848	281.657	300.631	1075.64	8	225	217	12	223	227	215	219	9	15	216	5.06746	1.17634	0.596179	1	1	-1
36074.2	4508.43	5063.4	12.3416	200.025	1245.64	239.997	239.997	647.814	320.66	318.738	897.077	394.225	188.432	563.396	10	226	30	19	224	228	28	32	16	22	217	4.01982	1.2138	0.615161	1	1	-1
35980.3	31732.4	2353.96	13.0819	198.834	1082.01	250.237	250.237	679.556	319.802	320.805	899.764	300.314	372.381	853.96	9	226	199	9	224	228	197	201	6	12	216	4.61948	1.24374	0.630335	1	1	-1
36141.4	10150.4	7281.84	12.236	198.848	1865.28	313.568	313.568	735.064	319.808	320.886	896.542	301.38	390.429	681.837	16	227	64	26	225	229	62	66	23	29	218	4.42848	1.11567	0.565428	1	1	-1
36215.8	10647.5	5996.22	15.9461	200.5	1558.98	239.754	239.754	894.089	320.922	318.617	899.784	375.818	247.455	896.224	9	227	68	21	225	229	66	70	18	24	219	5.87478	1.61139	0.816662	1	1	-1
36498.3	1566	3175.22	14.0184	199.718	1094.19	221.465	221.465	587.306	320.445	319.564	898.096	338.299	285.997	775.223	9	229	11	12	227	231	9	13	9	15	218	5.21519	1.27945	0.648435	1	1	-1
36468.5	14614.5	7386.22	11.5883	199.959	1240.6	266.326	266.326	541.64	320.022	320.606	902.459	308.493	374.476	1086.22	10	229	92	25	227	231	90	94	22	28	216	3.90509	0.925748	0.469175	1	1	-1
36385.6	33981.5	5866.26	13.4053	200.228	1177.37	194.386	194.386	607.705	318.794	320.653	901.941	225.594	381.54	1066.26	9	229	213	20	227	231	211	215	17	23	215	4.49331	1.32438	0.671205	1	1	-1
36635.7	37918.7	3022.41	14.4731	200.658	1235.36	208.006	208.006	516.524	320.287	320.094	899.992	315.745	318.654	922.409	8	230	238	11	228	232	236	240	8	14	215	5.45669	1.27346	0.645399	1	1	-1
36960.9	19662.6	6004.3	12.6941	198.816	1231.68	263.876	263.876	673.489	320.103	319.712	899.949	320.855	302.637	904.297	7	232	124	21	230	234	122	126	18	24	217	4.02068	1.11833	0.566776	1	1	-1
36990.3	20056.9	1991.79	14.1433	198.916	1518.98	261.613	261.613	624.453	320.332	320.758	898.645	350.334	376.935	791.792	9	232	126	8	230	234	124	128	5	11	216	4.26403	1.27138	0.644343	1	1	-1
37114	39183.9	1979.72	13.5931	198.988	1654.5	250.081	250.081	679.787	322.015	319.753	901.788	473.981	303.927	1079.72	11	232	246	7	230	234	244	248	4	10	220	4.40604	1.3612	0.689868	1	1	-1
37179.3	1174.51	5052.35	14.7393	198.968	1411.61	254.678	254.678	640.523	320.91	320.87	899.386	379.31	374.511	852.346	9	233	8	18	231	235	6	10	15	21	219	5.23823	1.37707	0.697907	1	1	-1
37123.2	13638.7	3227.51	12.7225	200.118	1280.28	240.751	240.751	472.303	320.081	320.157	895.132	323.235	358.669	527.512	10	233	86	13	231	235	84	88	10	16	218	3.79173	1.08706	0.550929	1	1	-1
37547.9	6022.24	3083.05	12.9907	200.212	1247.88	236.134	236.134	503.922	321.146	319.321	896.78	427.89	262.243	683.048	12	235	39	12	233	237	37	41	9	15	216	4.12309	1.18958	0.602885	1	1	-1
37298.6	26761.3	2725.21	11.7386	199.906	997.611	225.76	225.76	676.372	318.465	320.216	897.645	178.635	361.268	625.209	9	235	168	11	233	237	166	170	8	14	214	4.07466	1.12058	0.567917	1	1	-1
37444.9	33416.7	5706.49	13.1292	198.68	1670.07	264.488	264.488	746.839	320.184	319.794	900.311	324.915	296.718	906.491	7	235	210	20	233	237	208	212	17	23	217	4.0625	1.2249	0.620787	1	1	-1
37449.4	9073.61	6148.43	11.8241	199.512	984.854	245.213	245.213	562.781	318.413	319.54	898.503	169.368	273.607	748.434	10	236	58	22	234	238	56	60	19	25	213	3.36713	1.09186	0.553365	1	1	-1
37916.6	3136.46	3097.56	12.131	200.232	1327.83	233.766	233.766	566.348	320.243	319.371	897.701	316.644	256.461	697.557	10	238	21	12	236	240	19	23	9	15	215	4.17551	1.14334	0.579455	1	1	-1
37963	22773.2	3217.56	12.9762	200.551	1255.36	214.14	214.14	537.883	320.427	318.836	902.333	363.038	213.161	1117.56	10	238	144	11	236	240	142	146	8	14	216	4.22349	1.25312	0.635089	1	1	-1
38139.7	13361.3	6062.61	12.2712	198.908	1156.1	261.668	261.668	776.964	320.688	319.051	903.584	379.653	241.319	1262.61	9	239	85	20	237	241	83	87	17	23	214	4.00618	1.21204	0.61427	1	1	-1
37991	18781.2	3010.99	14.3932	200.256	1199.31	207.229	207.229	547.574	318.639	320.782	899.747	230.963	381.159	910.989	9	239	118	11	237	241	116	120	8	14	216	4.83718	1.30705	0.662423	1	1	-1
38259.1	11829.6	2203.78	12.9919	200.328	1295.72	221.121	221.121	582.779	320.157	319.973	897.459	339.129	309.646	703.782	11	240	75	9	238	242	73	77	6	12	217	4.74214	1.13552	0.575487	1	1	-1
38254	39796.5	5282.4	10.8594	201.216	1087.26	197.008	197.008	438.056	320.108	319.82	898.785	333.974	276.512	782.397	10	240	250	19	238	242	248	252	16	22	216	3.4613	0.975643	0.494463	1	1	-1
38364.8	31182.1	4300.6	14.2152	199.467	1187.26	253.626	253.626	581.563	319.52	321.746	901.018	284.831	462.077	1000.6	9	241	195	15	239	243	193	197	12	18	219	5.13796	1.33013	0.674117	1	1	-1
38400.8	21932.6	6810.59	12.9558	199.433	1244.55	245.109	245.109	602.893	318.321	319.766	902.777	160.763	332.627	1110.59	10	242	138	23	240	244	136	140	20	26	216	4.53413	1.25272	0.634889	1	1	-1
38694.3	30111.2	6382.2	13.1903	200.883	1243.49	195.42	195.42	545.967	319.74	320.566	898.055	294.281	351.216	682.2	10	243	189	23	241	245	187	191	20	26	217	5.10099	1.2148	0.615669	1	1	-1
38882.9	2579.07	5330.5	10.711	200.909	1158.06	217.709	217.709	512.328	319.987	319.991	899.629	322.909	339.071	830.497	9	244	17	19	242	246	15	19	16	22	217	3.84609	0.956901	0.484964	1	1	-1
38907.8	13763.9	2485.31	12.2838	200.178	1202.08	218.217	218.217	682.154	320.256	320.103	900.345	347.77	323.895	985.312	8	244	87	9	242	246	85	89	6	12	215	4.16983	1.22787	0.622292	1	1	-1
39448.9	33120.5	7307.88	12.4961	199.674	1208.71	240.855	240.855	557.453	320.937	319.806	904.713	408.949	320.546	1307.88	13	247	208	24	245	249	206	210	21	27	217	4.28274	1.13996	0.577739	1	1	-1
39645.5	9147.09	5116.33	11.3115	199.939	1205.05	238.42	238.42	623.904	321.259	320.184	900.261	445.491	347.092	916.333	8	248	58	18	246	250	56	60	15	21	213	3.39848	1.10025	0.557613	1	1	-1
39497.9	10824.6	5132.41	12.82	200.663	1140.54	201.822	201.822	535.01	319.721	319.353	897.168	297.891	264.65	632.412	11	248	69	19	246	250	67	71	16	22	218	4.49786	1.1717	0.593827	1	1	-1
39656.1	4210.09	6100.97	13.3974	200.063	1068.53	204.441	204.441	576.63	319.311	318.802	898.008	296.079	210.094	700.973	9	249	28	22	247	251	26	30	19	25	215	4.2639	1.21812	0.617351	1	1	-1
39835.1	18661.2	7175.05	6.84017	199.766	759.208	98.3691	98.3691	378.059	319.982	319.771	900.077	315.115	261.224	875.05	15	250	118	25	248	252	116	120	22	28	205	2.12311	0.639346	0.324025	1	1	-1
39924.8	29730.5	2653.62	12.2743	198.386	1223.22	275.444	275.444	798.996	321.101	319.564	899.739	404.828	290.544	853.62	9	250	187	10	248	252	185	189	7	13	216	3.86868	1.14668	0.581144	1	1	-1
SPOTS_END
