FISH-QUANT	v3a
File-version	3D_v1
RESULTS OF SPOT DETECTION PERFORMED ON 24-Sep-2021 
COMMENT	
IMG_Raw	Poiss_300spots_bg_200_2_I_300_0_img0.tif
IMG_Filtered	
IMG_DAPI	
IMG_TS_label	
FILE_settings	Poiss_300spots_bg_200_2_I_300_0_img0__settings_MATURE.txt
PARAMETERS
Pix-XY	Pix-Z	RI	Ex	Em	NA	Type
300	300	1.33	547	583	1.4	widefield
CELL_START	EntireImage
X_POS	1	1	256	256	
Y_POS	1	256	256	1	
Z_POS	
CELL_END
SPOTS_START
Pos_Y	Pos_X	Pos_Z	AMP	BGD	RES	SigmaX	SigmaY	SigmaZ	Cent_Y	Cent_X	Cent_Z	MuY	MuX	MuZ	ITERY_det	Y_det	X_det	Z_det	Y_min	Y_max	X_min	X_max	Z_min	Z_max	INT_raw	INT_filt	SC_det	SC_det_norm	TH_det	TH_fit	IN_nuc
2307.49	13222.5	4066.65	13.4806	200.746	1402.58	408.39	408.39	498.149	598.747	600.185	902.002	507.487	622.48	1066.65	10	9	45	14	7	11	43	47	11	17	219	4.09188	1.15896	0.551611	1	1	-1
3191.27	3102.01	4787.09	10.896	199.771	1140.18	492	492	614.408	601.737	597.951	899.764	791.271	402.01	887.086	15	11	12	17	9	13	10	14	14	20	214	4.03264	1.04416	0.496974	1	1	-1
3061.45	36337.2	2269.54	11.3937	199.652	1224.24	476.223	476.223	618.27	600.582	597.359	901.958	661.455	337.211	1069.54	14	11	123	8	9	13	121	125	5	11	214	3.81325	1.08365	0.515768	1	1	-1
3232.26	41032.5	1658.69	10.1185	200.215	1387.4	467.564	467.564	591.637	598.963	599.157	901.307	532.259	532.53	1058.69	13	12	138	6	10	14	136	140	3	9	213	3.7498	1.01922	0.4851	1	1	-1
3329.27	52349.5	5464.18	13.1897	198.89	1337.39	492	492	722.927	600.109	597.711	896.928	629.266	449.511	664.185	12	12	176	20	10	14	174	178	17	23	215	4.09388	1.2258	0.583425	1	1	-1
3557.05	9094.73	4344.53	13.2698	201.187	1141.57	345.381	345.381	513.89	599.655	601.145	901.28	557.051	694.731	1044.53	10	13	31	15	11	15	29	33	12	18	217	4.72878	1.17923	0.561257	1	1	-1
3906.49	48931.3	1741.43	13.1847	200.157	1155.06	381.798	381.798	638.929	600.16	600.379	896.509	606.485	631.259	541.43	11	14	164	8	12	16	162	166	5	11	216	5.27564	1.25642	0.598	1	1	-1
3895.97	54365	2949.11	15.1068	200.691	1658.62	492	492	555.948	600.468	596.94	894.29	595.965	365.004	549.107	13	14	183	12	12	16	181	185	9	15	218	4.2355	1.30486	0.621051	1	1	-1
4379.1	4204.6	1540.4	12.6414	199.109	1596.24	492	492	596.184	601.94	600.43	900.599	779.096	604.602	940.396	14	15	15	6	13	17	13	17	3	9	216	4.11372	1.10113	0.524085	1	1	-1
4752.87	35190.1	2663.53	12.4449	199.656	1251.91	482.855	482.855	589.052	602.681	597.8	899.756	852.875	390.08	863.527	13	16	119	10	14	18	117	121	7	13	217	3.75212	1.25906	0.599256	1	1	-1
4595.53	14595.1	5075.57	11.0188	200.037	1601.99	473.405	473.405	575.615	598.034	601.519	902.945	395.531	795.075	1175.57	12	17	49	17	15	19	47	51	14	20	215	3.74084	1.11458	0.530489	1	1	-1
4754.01	49573.4	3971.33	12.1015	199.679	1204.24	492	492	603.774	599.444	601.027	896.583	554.005	673.428	671.329	12	17	166	15	15	19	164	168	12	18	216	4.20917	1.01228	0.481798	1	1	-1
4779.52	54992.9	5814.62	11.9786	200.568	1189.56	464.791	464.791	469.852	599.571	600.539	901.969	579.519	692.883	1014.62	11	17	184	20	15	19	182	186	17	23	215	3.57371	0.909596	0.432926	1	1	-1
4667.29	68101.6	4396.08	11.9708	199.66	1271.54	492	492	582.653	598.743	597.258	903.088	467.29	301.628	1096.08	16	17	229	15	15	19	227	231	12	18	221	3.66743	1.1513	0.547967	1	1	-1
5125.57	20097.2	4476.93	13.4508	198.991	1174.13	492	492	643.896	600.614	600.084	899.731	625.567	597.192	876.928	13	18	68	16	16	20	66	70	13	19	215	3.87906	1.20084	0.571543	1	1	-1
4880.76	54591.4	1946.7	11.9858	200.629	1471.29	431.246	431.246	585.902	597.561	600.008	901.858	380.757	591.41	1046.7	13	18	183	7	16	20	181	185	4	10	216	4.43111	1.18204	0.562598	1	1	-1
5719.62	30958.8	5484.67	10.7852	199.56	1226.66	491.999	491.999	713.122	600.312	600.783	897.928	619.622	658.85	684.668	14	20	104	20	18	22	102	106	17	23	214	3.65137	1.06691	0.5078	1	1	-1
5855.8	5827.87	2055.21	11.6026	200.723	1222.9	388.707	388.707	580.672	598.382	601.171	900.025	455.801	727.873	855.212	10	21	20	8	19	23	18	22	5	11	213	3.99536	1.11496	0.530672	1	1	-1
5947.52	38946.8	1829.47	12.5974	199.435	1378.48	461.233	461.233	682.43	599.587	599.596	903.69	547.516	546.848	1229.47	12	21	131	6	19	23	129	133	3	9	216	4.23157	1.19311	0.567867	1	1	-1
6207.78	28908.4	5084.41	13.449	198.938	1052.12	479.311	479.311	685.796	598.704	601.49	900.042	507.784	708.361	884.41	10	22	97	18	20	24	95	99	15	21	214	4.28671	1.24312	0.591669	1	1	-1
6186.91	57213.3	7296.98	12.3005	199.388	1401.33	481.086	481.086	603.587	598.828	598.828	901.079	486.909	513.34	996.979	15	22	192	25	20	24	190	194	22	28	217	4.65973	1.12513	0.535508	1	1	-1
6636.94	48495.2	6822.49	12.1296	200.455	1180.19	400.301	400.301	485.319	600.245	599.105	899.367	636.936	495.155	822.49	9	23	163	24	21	25	161	165	21	27	215	4.02316	1.03304	0.491681	1	1	-1
6422.06	75273	3526.55	11.4023	199.787	1333.2	492	492	638.602	597.938	599.748	898.94	422.056	572.975	826.547	12	23	252	13	21	25	250	254	10	16	213	3.71487	1.0538	0.501559	1	1	-1
7438.22	14626.8	6780.31	10.8895	200.23	1024.71	492	492	528.966	599.392	596.928	902.287	538.222	226.753	1080.31	12	26	51	23	24	28	49	53	20	26	214	3.12226	0.972304	0.462772	1	1	-1
7482.73	33746.3	1778.61	14.5815	199.717	1155.18	413.759	413.759	596.175	599.503	598.038	899.411	582.734	446.25	878.61	10	26	114	7	24	28	112	116	4	10	218	5.23207	1.38107	0.657326	1	1	-1
7895.96	25830.7	2458.16	11.5465	199.564	1338.56	454.743	454.743	628.055	600.457	600.237	894.926	695.964	630.652	358.161	13	27	87	11	25	29	85	89	8	14	215	3.68806	1.13585	0.540612	1	1	-1
7775.93	55635	2372.89	13.1255	200.324	1459.85	431.918	431.918	578.934	599.773	597.831	899.84	575.935	434.951	872.885	11	27	187	9	25	29	185	189	6	12	220	4.21368	1.19208	0.567375	1	1	-1
7914.68	6210.3	5845.71	11.096	199.252	1039.44	474.497	474.497	753.836	597.872	602.204	901.207	414.679	810.295	1045.71	11	28	21	20	26	30	19	23	17	23	212	3.28237	1.07757	0.512876	1	1	-1
8067.07	19474.9	4665.37	15.291	202.084	1168.73	329.737	329.737	388.197	599.723	599.597	898.908	567.075	574.866	765.369	10	28	66	17	26	30	64	68	14	20	219	5.23273	1.15422	0.549356	1	1	-1
8555.84	30021.1	2195.4	13.7688	198.67	1556.35	491.999	491.999	587.694	601.967	600.211	896.911	755.84	621.101	695.402	14	29	101	9	27	31	99	103	6	12	217	4.77266	1.28692	0.612517	1	1	-1
8564.54	60112.5	6352.28	13.6119	201.379	1430.06	349.689	349.689	364.696	601.299	600.86	899.578	764.544	712.532	952.279	19	29	201	22	27	31	199	203	19	25	217	4.05697	1.07898	0.513546	1	1	-1
8394.89	72828.6	7281.92	13.7676	199.033	1282.7	492	492	617.424	600.025	598.578	901.615	594.894	528.639	981.923	16	29	244	25	27	31	242	246	22	28	217	5.07895	1.16728	0.555569	1	1	-1
8752.31	41001.6	1555.21	14.0758	200.117	1271.56	397.655	397.655	493.295	600.574	598.709	900.548	652.305	501.566	955.206	11	30	138	6	28	32	136	140	3	9	217	5.1866	1.23408	0.587365	1	1	-1
8964.4	44551.8	7333.22	12.3387	199.806	1208.53	461.605	461.605	592.402	602.757	601.189	901.56	864.404	751.776	1033.22	11	30	149	25	28	32	147	151	22	28	213	3.71623	1.14916	0.546947	1	1	-1
10078.5	15510	4536.94	12.1122	199.786	1288.41	456.035	456.035	676.584	598.837	602.3	897.026	478.491	810.001	636.936	13	35	52	17	33	37	50	54	14	20	218	4.1295	1.23367	0.587169	1	1	-1
11196.9	5157.09	5760.54	12.8435	199.587	1230.41	424.481	424.481	643.02	597.525	597.229	897.694	396.872	357.085	660.537	11	39	19	21	37	41	17	21	18	24	216	3.83756	1.25611	0.597848	1	1	-1
11489.5	47742.7	6190.36	13.0136	201.866	1618.75	404.233	404.233	435.632	600.813	600.109	902.624	689.519	642.68	1090.36	14	39	160	21	37	41	158	162	18	24	216	4.18954	1.09064	0.519094	1	1	-1
11815.9	51839.5	4342.56	13.4845	199.95	1048.68	437.694	437.694	586.48	597.98	599.217	897.963	415.903	539.536	742.558	12	41	174	16	39	43	172	176	13	19	217	4.38294	1.21515	0.578356	1	1	-1
12183.8	68323.7	2648.2	13.8602	200.343	1158.26	391.052	391.052	569.258	602.139	598.585	899.436	783.845	523.679	848.204	11	41	229	10	39	43	227	231	7	13	217	4.92037	1.31251	0.624695	1	1	-1
12584.8	5850.77	1898.81	11.4781	199.375	1218.67	483.566	483.566	638.691	600.059	601.698	904.265	584.789	750.773	1298.81	15	43	20	6	41	45	18	22	3	9	218	3.90465	1.16751	0.55568	1	1	-1
12496	47797.1	6747.35	12.7104	200.364	1462.27	420.589	420.589	555.163	596.743	600.785	901.713	195.97	697.113	1047.35	12	44	160	23	42	46	158	162	20	26	217	3.634	1.08967	0.518633	1	1	-1
12610.5	53473.2	1738.82	11.2681	199.275	1271.75	492	492	755.161	596.819	600.785	902.236	310.479	673.158	1138.82	14	44	179	6	42	46	177	181	3	9	215	3.45666	1.14008	0.542624	1	1	-1
13411	21233.2	6855.81	11.7475	200.711	1196.07	425.15	425.15	565.727	598.814	599.327	899.908	510.956	533.167	855.81	11	46	72	24	44	48	70	74	21	27	219	4.52144	1.09206	0.51977	1	1	-1
14354.1	24073	4241.72	12.1189	199.592	1275.25	466.699	466.699	781.68	602.387	600.574	895.69	854.055	672.956	341.725	11	48	81	17	46	50	79	83	14	20	215	3.49356	1.13492	0.54017	1	1	-1
14061.4	72758.5	5070.89	16.6481	200.953	1174.55	329.13	329.13	464.689	599.343	598.189	899.621	561.417	458.51	870.886	11	48	244	18	46	50	242	246	15	21	220	5.59621	1.38889	0.661049	1	1	-1
14581.3	17236.9	7323.05	13.4303	199.952	1037.65	411.438	411.438	580.177	601.529	598.598	895.101	781.342	436.858	423.046	12	49	59	27	47	51	57	61	24	30	215	4.20997	1.25299	0.596365	1	1	-1
15138.9	24992	1947.25	10.2019	199.925	1071.78	453.878	453.878	639.115	598.227	600.599	898.303	438.916	692.05	747.247	19	52	84	8	50	54	82	86	5	11	216	3.37532	1.01142	0.48139	1	1	-1
15374.1	58246	1759.37	13.2808	199.831	1421.57	429.508	429.508	674.298	600.749	600.959	896.044	674.072	646.046	559.375	14	52	195	8	50	54	193	197	5	11	220	4.97386	1.32781	0.631978	1	1	-1
15628.7	65930.8	4665.64	9.91797	201.012	1370.64	375.018	375.018	609.118	600.008	599.317	898.997	628.725	530.799	765.637	15	53	221	17	51	55	219	223	14	20	213	3.67432	1.02686	0.488739	1	1	-1
15953	35209.4	2341.58	12.4791	199.158	1291.62	440.153	440.153	718.344	600.911	597.688	899.114	652.966	409.415	841.578	11	54	119	9	52	56	117	121	6	12	219	4.61698	1.2477	0.593849	1	1	-1
16781.4	71666.5	3790.51	14.8304	199.191	1108.55	467.713	467.713	647.647	599.706	599.605	903.125	581.37	566.524	1090.51	12	57	240	13	55	59	238	242	10	16	215	5.06211	1.28356	0.610916	1	1	-1
17446.4	5601.71	2732.16	11.1	199.872	1229.99	492	492	606.322	600.279	596.52	903.024	646.393	201.713	1232.16	13	59	21	9	57	61	19	23	6	12	214	3.28911	1.04613	0.49791	1	1	-1
17524.4	35683.4	4975.66	13.4809	198.967	1393.27	480.687	480.687	654.198	601.642	599.832	902.485	724.447	583.392	1075.66	13	59	120	17	57	61	118	122	14	20	218	4.41073	1.25749	0.598505	1	1	-1
17652.6	13961.6	5186.11	12.4082	199.715	1203.2	466.163	466.163	588.502	599.217	598.619	901.146	552.574	461.636	986.11	13	60	48	18	58	62	46	50	15	21	219	4.0951	1.10072	0.523894	1	1	-1
17612.7	24494.1	5472.97	12.4288	199.309	1172.36	489.569	489.569	558.239	598.878	598.903	900.734	512.66	494.113	972.969	15	60	83	19	58	62	81	85	16	22	215	4.30609	1.03774	0.493917	1	1	-1
17588.5	25436.2	3160.12	13.1398	200.356	1412.13	449.651	449.651	507.154	598.839	599.42	898.368	488.546	536.194	760.123	10	60	86	12	58	62	84	88	9	15	215	3.55144	1.18116	0.562179	1	1	-1
18264.6	29225.3	3423.65	10.9252	199.899	1170.38	491.999	491.999	557.502	602.245	601.173	901.561	864.565	725.315	1023.65	14	61	98	12	59	63	96	100	9	15	215	3.48646	1.08622	0.516991	1	1	-1
19095	39225.1	3233.46	13.5408	200.281	1073.31	427.876	427.876	488.982	602.2	599.284	902.301	794.963	525.054	1133.46	11	64	132	11	62	66	130	134	8	14	217	4.20343	1.17299	0.558289	1	1	-1
18864.2	67109.6	4967.5	12.8928	200.614	1094.88	397.066	397.066	547.69	599.916	599.141	902.247	564.228	509.638	1067.5	12	64	225	17	62	66	223	227	14	20	214	3.9841	1.16971	0.556726	1	1	-1
19432.4	6982.37	6126.18	14.3936	199.827	1225.97	423.14	423.14	597.645	598.62	600.959	898.031	532.407	682.368	726.176	12	66	24	22	64	68	22	26	19	25	215	4.84206	1.33371	0.634785	1	1	-1
19715.6	59308.7	3823.04	11.677	200.309	1093.47	457.236	457.236	577.008	602.257	598.889	902.29	815.557	508.719	1123.04	14	66	199	13	64	68	197	201	10	16	216	3.41413	1.08836	0.518011	1	1	-1
19365.2	70281.6	5135.57	11.7327	200.575	1353.19	462.741	462.741	519.865	598.587	600.496	900.866	465.191	681.554	935.567	10	66	235	18	64	68	233	237	15	21	217	3.6729	0.987167	0.469846	1	1	-1
19804.1	47721.3	2587.74	13.7455	200.311	1077.2	399.9	399.9	534.726	600.084	600.463	897.92	604.101	621.299	787.738	11	67	160	10	65	69	158	162	7	13	215	4.84822	1.27434	0.606525	1	1	-1
20126.7	25969	4028.41	11.8892	199.497	1117.59	457.847	457.847	666.587	600.38	601.765	903.918	626.73	769.018	1328.41	11	68	87	13	66	70	85	89	10	16	215	4.15595	1.17967	0.561467	1	1	-1
21267.4	21803.3	2623.74	12.5995	199.404	1419.67	470.533	470.533	620.883	602.801	599.182	903.19	867.364	503.327	1123.74	15	71	74	9	69	73	72	76	6	12	216	4.17163	1.19491	0.568721	1	1	-1
21024.4	27507.4	2810.93	13.4649	201.116	1483.42	370.813	370.813	523.962	600.488	599.134	901.572	624.413	507.448	1010.93	13	71	93	10	69	73	91	95	7	13	217	4.94662	1.19753	0.56997	1	1	-1
20984.6	38357.3	6682.27	12.1617	200.269	1262.67	422.614	422.614	574.146	599.705	599.461	897.346	584.642	557.339	682.267	11	71	129	24	69	73	127	131	21	27	215	4.49408	1.14404	0.544512	1	1	-1
21080	46205.2	5366.42	11.9721	199.764	1235.89	432.095	432.095	629.292	600.862	596.934	902.416	680.029	305.234	1166.42	12	71	156	18	69	73	154	158	15	21	216	3.88607	1.16679	0.555339	1	1	-1
21069.5	57522.8	1923.03	11.089	199.101	1225.04	492	492	808.919	600.977	598.846	898.214	669.502	522.77	723.031	16	71	193	8	69	73	191	195	5	11	213	3.538	1.10425	0.525574	1	1	-1
21190.3	66937.9	2721.43	15.3273	199.472	1347.6	417.582	417.582	634.19	602.425	600.817	896.328	790.296	637.946	621.432	13	71	224	11	69	73	222	226	8	14	221	5.46673	1.43187	0.681502	1	1	-1
22021.8	5835.76	3955.4	11.6372	199.91	1428.63	483.481	483.481	686.057	601.085	601.506	903.845	721.818	735.761	1255.4	13	74	20	13	72	76	18	22	10	16	218	4.28751	1.1422	0.543633	1	1	-1
22580	10238	6972.11	13.5702	200.405	1029.33	390.663	390.663	574.845	600.909	600.008	897.356	679.988	638.006	672.115	11	76	35	25	74	78	33	37	22	28	216	4.73731	1.21976	0.580548	1	1	-1
22778.7	22205	6836.54	11.8218	200.42	1222.21	413.127	413.127	499.67	600.389	602.459	896.62	578.723	904.96	536.54	13	77	74	25	75	79	72	76	22	28	216	3.65672	1.02671	0.488669	1	1	-1
22808.9	23610.4	5970.94	11.2344	199.887	1274.46	492	492	566.173	600.304	596.497	899.35	608.872	210.431	870.942	13	77	81	21	75	79	79	83	18	24	216	3.11224	0.929623	0.442458	1	1	-1
23252.2	42304.5	2189.85	13.18	200.302	1465.69	400.55	400.55	518.352	601.543	600.152	897.023	752.203	604.476	689.855	12	78	142	9	76	80	140	144	6	12	218	4.22787	1.13813	0.541696	1	1	-1
23178	51053.6	4319.88	15.257	198.507	1549.8	471.906	471.906	656.91	601.12	601.162	902.054	677.976	653.551	1019.88	15	78	171	15	76	80	169	173	12	18	220	5.92281	1.41137	0.671749	1	1	-1
23777.5	74202.7	7102.02	13.2888	200.533	1148.34	409.483	409.483	542.669	601.094	600.934	898.511	677.521	702.721	802.017	10	80	248	25	78	82	246	250	22	28	216	4.50348	1.14064	0.542891	1	1	-1
23954.2	2185.65	3581.03	12.1247	199.426	1227.05	477.954	477.954	698.972	599.486	601.095	902.896	554.172	685.653	1181.03	10	81	8	12	79	83	6	10	9	15	215	3.65717	1.05014	0.499816	1	1	-1
24448.9	28137.4	6076.22	12.0002	200.196	1173.23	426.491	426.491	609.114	598.222	599.048	897.826	448.858	537.367	676.221	12	83	95	22	81	85	93	97	19	25	214	4.476	1.08095	0.51448	1	1	-1
25116.6	23683.1	4396.61	10.9169	200.508	1269.19	444.381	444.381	535.501	598.964	599.781	902.326	516.645	583.146	1096.61	12	85	80	15	83	87	78	82	12	18	212	3.80988	0.923058	0.439333	1	1	-1
25091	66197.4	4457.64	16.1581	200.75	1240.65	340.188	340.188	555.759	598.822	598.923	900.21	491.047	497.433	857.643	9	85	222	16	83	87	220	224	13	19	218	5.36538	1.39976	0.666219	1	1	-1
25321.8	27743.9	2293.02	12.8746	199.591	1408.95	461.273	461.273	577.764	598.044	601.594	902.496	421.804	743.859	1093.02	11	86	93	8	84	88	91	95	5	11	216	3.95446	1.22303	0.582104	1	1	-1
25770.1	13132.7	2427.83	12.944	199.171	1241.49	492	492	637.86	599.705	599.427	896.379	570.078	532.698	627.831	13	87	45	10	85	89	43	47	7	13	215	3.49633	1.08078	0.514401	1	1	-1
25793.6	55034.7	2576.91	13.1909	200.619	1328.51	381.77	381.77	524.869	599.983	598.331	901.626	593.618	434.698	1076.91	10	87	185	9	85	89	183	187	6	12	218	4.45867	1.22235	0.58178	1	1	-1
25857.1	62976.3	1826.28	14.7106	201.589	1116.53	319.41	319.41	403.243	600.564	599.966	901.23	657.09	576.291	926.276	10	87	211	7	85	89	209	213	4	10	219	5.02768	1.18119	0.562192	1	1	-1
26152.9	49233.5	7335.64	12.6716	200.211	1337.77	428.89	428.89	583.063	600.454	600.522	901.481	652.855	633.534	1035.64	12	88	165	25	86	90	163	167	22	28	218	5.16096	1.1711	0.55739	1	1	-1
26064.8	71952.6	6482.3	11.4845	201.381	1247.74	360.819	360.819	501.73	599.554	599.789	898.897	564.779	552.571	782.297	13	88	241	23	86	90	239	243	20	26	217	4.86789	1.05322	0.501286	1	1	-1
26364.2	18794.6	3674.04	10.6035	199.819	1506.93	492	492	711.481	599.519	602.118	895.267	564.197	794.587	374.035	16	89	63	15	87	91	61	65	12	18	216	4.28665	1.06568	0.507217	1	1	-1
26278.5	34159.6	2829.84	12.1504	199.784	1368.34	492	492	587.277	598.385	599.386	902.145	478.539	559.643	1029.84	12	89	115	10	87	91	113	117	7	13	216	3.97792	1.11382	0.530127	1	1	-1
26270.5	59931	1690.67	11.568	199.945	1255.93	484.951	484.951	591.051	598.602	599.023	902.273	470.487	530.971	1090.67	14	89	201	6	87	91	199	203	3	9	216	3.58449	1.11356	0.530004	1	1	-1
26678.6	20899	7367.98	14.8588	200.451	1295.45	378.281	378.281	477.955	599.848	598.955	903.077	578.623	498.953	1067.98	15	90	71	25	88	92	69	73	22	28	216	5.48137	1.21287	0.577269	1	1	-1
26753.8	58963.9	6701.24	11.4989	201	1278.2	391.743	391.743	485.879	600.396	598.626	901.264	653.782	463.933	1001.24	11	90	198	23	88	92	196	200	20	26	213	3.70902	1.01955	0.485261	1	1	-1
26920.9	54765.8	5177.48	13.8972	199.658	1263.76	430.954	430.954	616.12	599.099	602.165	897.423	520.89	765.771	677.476	10	91	183	19	89	93	181	185	16	22	217	4.32721	1.27804	0.608288	1	1	-1
27724.3	48680.3	4705.25	10.2541	200.991	1490.47	430.495	430.495	538.262	601.66	600.522	896.411	724.346	680.255	505.251	12	93	163	18	91	95	161	165	15	21	215	3.68342	0.980362	0.466607	1	1	-1
27623.3	73778.8	4567.69	11.1351	200.014	1223.7	462.982	462.982	628.578	600.126	602.79	900.961	623.314	878.784	967.69	11	93	246	16	91	95	244	248	13	19	215	3.51139	1.10282	0.52489	1	1	-1
28031.9	28795.7	3856.97	12.1507	198.83	1350.09	492	492	692.268	601.69	603.058	900.161	731.9	895.726	856.965	12	94	96	14	92	96	94	98	11	17	218	3.27885	1.17734	0.560358	1	1	-1
27790.2	62563.5	2878.11	11.5878	200.585	1505.64	390.751	390.751	624.187	598.728	601.643	898.711	490.159	763.483	778.109	12	94	209	11	92	96	207	211	8	14	217	4.64047	1.11885	0.532523	1	1	-1
28152.8	2200.12	5218.26	12.2685	199.598	1329.58	459.147	459.147	625.264	599.503	601.078	901.272	552.763	700.12	1018.26	14	95	8	18	93	97	6	10	15	21	216	4.17223	1.19805	0.570215	1	1	-1
28081	33504.1	1975.37	10.6235	199.533	1288.34	477.931	477.931	691.395	598.709	601.882	898.751	481.012	804.124	775.371	13	95	112	8	93	97	110	114	5	11	216	3.43412	1.03572	0.492953	1	1	-1
28252.9	36962.9	2186.39	13.4198	199.513	1326.48	463.527	463.527	525.227	600.624	601.239	900.843	652.865	662.949	986.391	14	95	124	8	93	97	122	126	5	11	218	4.56642	1.14059	0.542867	1	1	-1
28437.6	6695	5768.34	11.8352	201.248	1430.59	361.733	361.733	486.738	599.461	601.458	900.843	537.608	695.003	968.344	15	96	23	20	94	98	21	25	17	23	217	4.53834	1.11535	0.530857	1	1	-1
28566.3	11097.1	7310.93	14.2488	201.216	1347.42	383.591	383.591	430.445	600.429	599.781	901.295	666.254	597.061	1010.93	9	96	38	25	94	98	36	40	22	28	219	4.60422	1.1638	0.553916	1	1	-1
28506.2	36177.5	5307.11	13.3528	200.011	1480.51	409.042	409.042	634.489	600.185	601.88	895.785	606.161	777.487	507.108	12	96	121	20	94	98	119	123	17	23	219	5.00303	1.329	0.632544	1	1	-1
29210.8	15422.3	7135.15	11.2819	199.429	1169.5	474.169	474.169	687.144	600.928	598.069	899.173	710.812	422.277	835.15	11	98	53	25	96	100	51	55	22	28	212	3.59704	1.0525	0.500942	1	1	-1
29238.3	37968.8	5700.2	13.428	199.078	1404.84	461.875	461.875	625.414	598.058	598.455	903.588	438.301	468.786	1200.2	12	99	128	19	97	101	126	130	16	22	215	4.50876	1.28448	0.611351	1	1	-1
29608.3	10736.6	5232.98	13.7222	199.715	1311.33	409.399	409.399	604.808	598.727	599.401	901.964	508.279	536.556	1032.98	9	100	37	18	98	102	35	39	15	21	215	4.71959	1.2812	0.60979	1	1	-1
30191.3	35104.2	5373.08	12.6768	200.48	1195	414.053	414.053	570.206	601.944	600.227	900.093	791.28	604.241	873.078	9	101	118	19	99	103	116	120	16	22	217	3.82255	1.15433	0.549406	1	1	-1
30502.2	15728.7	3270.63	12.6819	200.408	1162.18	429.275	429.275	599.915	602.138	597.938	902.836	802.154	428.711	1170.63	12	102	54	11	100	104	52	56	8	14	217	4.31858	1.19878	0.570563	1	1	-1
30370.3	23475.2	6306.64	13.5906	201.559	2031.34	492	492	504.014	601.135	597.196	900.609	670.282	375.241	906.639	15	102	80	22	100	104	78	82	19	25	222	4.24798	1.13848	0.541866	1	1	-1
30641.7	45176.5	7084.52	17.9644	201.21	1313.4	300.223	300.223	390.935	599.831	602.269	898.878	641.692	776.467	784.518	13	103	151	25	101	105	149	153	22	28	222	6.21076	1.35409	0.644483	1	1	-1
30913.9	39182.1	1575.47	12.9225	199.812	1314.21	457.187	457.187	595.82	600.328	598.889	897.239	613.867	482.123	675.472	12	104	132	7	102	106	130	134	4	10	216	4.27476	1.16917	0.556469	1	1	-1
30888	58366.9	3119.24	14.8458	201.055	1099.53	354.752	354.752	450.958	600.59	598.577	897.701	588.009	466.863	719.237	13	104	196	12	102	106	194	198	9	15	215	5.14662	1.24796	0.593972	1	1	-1
30701.4	65893.5	4949.23	12.5043	200.5	1148.21	405.581	405.581	507.585	598.111	598.634	898.693	401.409	493.508	749.227	10	104	221	18	102	106	219	223	15	21	216	3.73964	1.08398	0.515922	1	1	-1
31212.7	13811	2442.35	13.405	200.02	1301.86	444.251	444.251	571.353	600.353	600.219	896.517	612.695	611.033	642.348	12	105	47	10	103	107	45	49	7	13	218	4.51406	1.1712	0.557437	1	1	-1
31170.3	62070.4	3557.7	12.1011	200.947	1359.12	394.446	394.446	499.46	599.832	599.731	902.585	570.345	570.444	1157.7	12	105	208	12	103	107	206	210	9	15	217	4.23121	1.18818	0.565517	1	1	-1
31278.9	64828.2	2507.54	12.5417	199.732	1212.48	492	492	555.206	601.01	600.261	897.155	678.92	628.243	707.544	15	105	217	10	103	107	215	219	7	13	216	4.05207	1.05753	0.503335	1	1	-1
31413.1	54451	4236.59	11.7658	199.727	1175.43	492	492	665.703	598.998	601.574	903.476	513.129	750.96	1236.59	14	106	182	14	104	108	180	184	11	17	213	3.01307	1.06781	0.508226	1	1	-1
31984	55645.6	7035.21	13.9183	200.505	1047.9	384.652	384.652	562.305	598.838	601.305	901.743	484.036	745.63	1035.21	10	108	186	24	106	110	184	188	21	27	217	4.56833	1.17642	0.559922	1	1	-1
32086.1	63299	2805.35	12.8761	200.714	1451.13	402.485	402.485	488.701	599.545	600.379	901.069	586.091	598.984	1005.35	10	108	212	10	106	110	210	214	7	13	217	4.22517	1.22463	0.582869	1	1	-1
32506.6	13560	6085.53	12.1978	198.589	1211.98	491.992	491.992	740.696	601.586	600.565	900.886	706.614	660	985.534	10	109	46	21	107	111	44	48	18	24	213	3.79527	1.18815	0.565506	1	1	-1
33042.9	52056	4687.87	13.8356	200.289	1330.95	381.765	381.765	551.554	600.573	601.695	902.234	642.92	756.042	1087.87	11	111	174	16	109	113	172	176	13	19	218	5.0011	1.24635	0.593204	1	1	-1
33542.1	34303.5	5358.15	13.0226	199.596	1340.82	492	492	576.009	599.512	601.01	903.736	542.116	703.503	1158.15	16	113	115	18	111	115	113	117	15	21	215	4.45464	1.10551	0.526171	1	1	-1
34588.1	5372.32	4470.02	13.0565	200.9	1141.96	421.97	421.97	487.976	601.042	599.571	899.74	688.069	572.323	870.019	12	116	19	16	114	118	17	21	13	19	219	4.49242	1.08895	0.51829	1	1	-1
35311.5	38325.7	6878.91	12.3109	200.359	1171.85	386.673	386.673	528.946	601.926	602.475	899.848	811.466	825.684	878.911	11	118	128	24	116	120	126	130	21	27	213	3.77512	1.13107	0.538335	1	1	-1
35470.8	63447	5710.61	11.2689	199.786	1680.59	492	492	576.874	600.734	601.341	896.256	670.846	747.026	610.612	14	119	212	21	117	121	210	214	18	24	215	3.16375	1.09572	0.521512	1	1	-1
35628.8	22475.4	7251.48	13.2415	200.923	1259.36	355.992	355.992	519.443	599.385	599.907	897.464	528.845	575.399	651.478	12	120	76	26	118	122	74	78	23	29	219	4.81745	1.20428	0.57318	1	1	-1
35929.6	21120.3	4744.55	12.5751	201.404	1224.81	354.589	354.589	425.391	599.022	598.239	899.267	529.645	420.255	844.555	12	121	72	17	119	123	70	74	14	20	218	4.04869	1.07188	0.510164	1	1	-1
36408.4	18672.5	1831.57	14.5673	198.859	1330.07	465.8	465.8	620.42	601.626	601.188	900.825	708.434	672.451	931.567	13	122	63	7	120	124	61	65	4	10	216	5.419	1.30878	0.62292	1	1	-1
36249.1	60354.5	1529.01	12.4769	201.007	1207.96	362.766	362.766	525.569	599.587	599.84	900.665	549.078	654.493	929.009	9	122	202	6	120	124	200	204	3	9	214	4.23245	1.09948	0.523303	1	1	-1
36607.3	49331.1	2788.74	12.9204	199.06	1471.03	492	492	663.754	600.725	597.942	904.419	607.259	431.134	1288.74	16	123	166	9	121	125	164	168	6	12	216	4.21052	1.24529	0.592699	1	1	-1
36489.6	73338.7	5908.87	11.4924	201.182	1609.28	352.58	352.58	734.857	598.116	601.396	900.673	489.603	738.708	1108.87	16	123	245	20	121	125	243	247	17	23	217	4.92429	1.29421	0.615983	1	1	-1
36895.2	51428	4527.14	12.2144	199.79	1388.49	479.898	479.898	565.535	599.789	601.768	900.16	595.247	727.975	927.143	13	124	172	16	122	126	170	174	13	19	216	4.11291	1.0976	0.522408	1	1	-1
36526.8	72921.6	4236.27	12.3996	199.687	1499.9	492	492	624.222	595.875	597.697	900.81	226.788	321.56	936.275	14	124	245	15	122	126	243	247	12	18	215	3.65583	1.33626	0.635999	1	1	-1
37594.4	41047.3	6900.51	12.0345	200.049	1467.08	419.22	419.22	602.913	600.751	599.224	896.811	694.45	547.318	600.505	11	126	138	25	124	128	136	140	22	28	214	4.1013	1.13715	0.541233	1	1	-1
37539.3	69700.5	2473.29	12.6716	200.047	1526.89	492	492	706.183	600.562	597.81	904.371	639.299	400.474	1273.29	13	126	234	8	124	128	232	236	5	11	217	3.98437	1.01801	0.484525	1	1	-1
38151.4	20541.5	7326.08	11.9448	201.386	1212.56	359.62	359.62	493.754	600.547	601.406	901.145	651.367	741.541	1026.08	9	128	69	25	126	130	67	71	22	28	215	4.36539	1.05017	0.49983	1	1	-1
37918.6	68923.7	2736.65	13.9925	199.289	1464.9	470.999	470.999	689.469	597.721	602.994	900.017	418.584	823.731	936.646	13	128	230	10	126	130	228	232	7	13	220	4.70472	1.43114	0.681156	1	1	-1
38642.4	49386.3	3794.71	12.0143	199.519	1539.64	475.499	475.499	668.446	599.242	598.594	902.863	542.405	486.279	1094.71	18	130	166	13	128	132	164	168	10	16	216	4.65486	1.23708	0.588791	1	1	-1
38848.2	16921.9	6237.45	15.617	200.724	1377.4	377.911	377.911	406.907	598.457	597.26	899.621	448.177	421.902	837.446	13	131	58	22	129	133	56	60	19	25	217	4.74112	1.21077	0.576273	1	1	-1
38960.8	31641.5	4605.62	14.5774	201.472	1648.72	425.249	425.249	481.396	599.732	597.665	897.757	560.826	441.509	705.623	15	131	107	17	129	133	105	109	14	20	219	5.28852	1.2466	0.593322	1	1	-1
39444	68267.9	3456.24	13.8641	200.407	1140.32	364.238	364.238	563.125	601.501	598.76	901.451	744.01	467.916	1056.24	11	132	229	12	130	134	227	231	9	15	219	5.17041	1.3867	0.660004	1	1	-1
39424.3	70006.9	4549.33	14.1297	200.271	1408.44	432.533	432.533	522.856	601.488	601.211	900.563	724.349	706.878	949.326	9	132	234	16	130	134	232	236	13	19	218	4.48965	1.32125	0.628853	1	1	-1
39514.8	15494.5	2192.91	9.67661	200.147	1398.21	492	492	662.028	599.477	601.535	903.896	514.827	794.515	1292.91	16	133	52	7	131	135	50	54	4	10	215	3.66685	1.01868	0.484842	1	1	-1
39640.8	26457.3	7308.67	12.4724	199.138	1266.73	492	492	753.431	600.565	600.834	894.498	640.791	657.276	408.674	14	133	89	27	131	135	87	91	24	30	213	3.69609	1.08976	0.518673	1	1	-1
39684.5	30950.8	4737.75	12.0604	200.588	1256.16	477.588	477.588	624.595	597.675	600.344	896.072	384.454	650.8	537.749	14	134	104	18	132	136	102	106	15	21	215	4.2642	1.02723	0.488915	1	1	-1
39877.6	50923.9	3440.55	14.1373	199.709	1322.53	399.567	399.567	627.761	599.781	599.198	895.307	577.622	523.917	440.555	11	134	171	14	132	136	169	173	11	17	215	4.33976	1.35211	0.643541	1	1	-1
39973.4	53675.6	2511.06	13.9655	200.143	1196.17	407.943	407.943	507.632	600.767	599.553	897.463	673.44	575.569	711.056	12	134	180	10	132	136	178	182	7	13	219	5.08725	1.16642	0.555162	1	1	-1
39951.7	26571.1	6363.14	11.9313	199.106	1375.18	492	492	1099.94	596.597	602.471	900.504	351.685	771.074	963.138	13	135	89	22	133	137	87	91	19	25	215	3.58772	1.29753	0.617562	1	1	-1
40227.8	1978.49	5262.06	12.473	199.452	1259.39	448.603	448.603	720.179	596.593	598.904	901.408	327.775	478.487	1062.06	12	136	8	18	134	138	6	10	15	21	214	3.75364	1.27025	0.604582	1	1	-1
40407	56984.2	3261.6	13.0235	199.812	1300.56	484.801	484.801	558.817	598.628	600.295	895.262	506.99	584.155	561.598	14	136	191	13	134	138	189	193	10	16	218	4.1029	1.19585	0.569168	1	1	-1
40646.3	61156.9	6087.37	15.0693	200.419	1209.05	389.811	389.811	442.146	597.993	599.157	897.428	446.305	556.94	687.367	12	137	205	22	135	139	203	207	19	25	221	4.45578	1.17631	0.559871	1	1	-1
40963.8	10882.9	4124.63	15.0053	200.961	1121.3	365.393	365.393	456.819	598.24	601.044	902.787	463.846	682.87	1124.63	12	138	37	14	136	140	35	39	11	17	221	5.33802	1.29567	0.616679	1	1	-1
41127.6	57847.6	7088.27	10.5116	199.654	1286.84	492	492	750.15	600.388	599.107	896.014	627.585	547.625	488.267	14	138	194	26	136	140	192	196	23	29	214	3.14855	1.02196	0.486407	1	1	-1
40980.8	73407.2	6970.15	11.5883	199.633	1442.59	492	492	617.486	598.558	602.057	896.931	480.792	807.151	670.153	14	138	245	25	136	140	243	247	22	28	220	3.29341	1.0329	0.491614	1	1	-1
41520.6	58641.2	5279.33	11.5737	199.823	1260.69	442.733	442.733	626.914	601.451	597.908	898.676	720.614	441.233	779.327	12	139	197	19	137	141	195	199	16	22	214	3.87444	1.14454	0.544749	1	1	-1
41797.6	65637.4	5529.77	11.2404	199.757	1206.48	486.054	486.054	548.958	601.115	599.307	904.831	697.565	537.382	1329.77	15	140	220	18	138	142	218	222	15	21	218	4.19641	1.00034	0.476114	1	1	-1
42068.4	24576.9	7442.67	13.4368	200.433	1362.58	406.278	406.278	556.214	600.816	599.428	902.971	668.41	576.858	1142.67	12	141	83	25	139	143	81	85	22	28	220	5.12358	1.12564	0.535753	1	1	-1
41694.7	44617.8	3078.77	13.1397	200.227	1204.4	441.618	441.618	537.756	596.857	599.461	897.658	294.663	517.832	678.775	11	141	150	12	139	143	148	152	9	15	213	4.19643	1.23756	0.589021	1	1	-1
42139.8	70672.2	3846.79	11.6451	200.031	1215.14	428.1	428.1	570.815	597.806	598.759	899.021	439.81	472.2	846.795	13	142	237	14	140	144	235	239	11	17	213	4.31893	1.1104	0.5285	1	1	-1
42478.8	30098.7	2296.65	12.3873	199.537	1165.03	456.708	456.708	623.621	598.744	601.138	901.653	478.812	698.735	1096.65	11	143	101	8	141	145	99	103	5	11	215	4.00751	1.13798	0.541626	1	1	-1
42737	2463.61	5575.51	11.2228	199.564	1277.02	492	492	685.127	598.366	600.775	898.577	437.038	663.606	775.515	14	144	9	20	142	146	7	11	17	23	213	3.59417	1.03193	0.49115	1	1	-1
42960.9	12995.6	6967.28	11.7505	199.839	1258.54	492	492	557.521	600.396	597.725	901.348	660.887	395.56	967.283	12	144	45	24	142	146	43	47	21	27	213	3.40576	1.01937	0.485171	1	1	-1
42711.3	40486.2	5376.31	13.2831	199.407	1107.92	492	492	630.456	597.587	599.924	899.403	411.271	586.241	876.31	14	144	136	19	142	146	134	138	16	22	218	3.85045	1.141	0.543062	1	1	-1
42817.9	68211.3	7420.76	12.4516	200.818	1449.68	408.199	408.199	546.767	598.663	601.144	898.764	517.923	711.296	820.758	12	144	228	26	142	146	226	230	23	29	220	4.83526	1.15042	0.547546	1	1	-1
43531.1	42946.6	4523.94	12.1977	200.276	1122.27	423.686	423.686	529.572	599.823	600.413	900.531	631.145	646.593	923.94	10	146	144	16	144	148	142	146	13	19	214	3.97773	1.05441	0.501849	1	1	-1
43827.8	29551.9	5269.88	12.9105	201.092	1118.46	396.467	396.467	431.168	600.337	598.366	898.636	627.779	451.898	769.885	12	147	100	19	145	149	98	102	16	22	215	4.26984	1.06775	0.508199	1	1	-1
43562.4	43419.2	6979.8	13.967	200.194	1669.34	391.129	391.129	554.055	597.513	599.494	900.346	362.374	519.234	979.803	10	147	146	24	145	149	144	148	21	27	216	4.60723	1.28852	0.613278	1	1	-1
44022.8	49147.1	4709.24	12.4689	200.297	1190.86	434.573	434.573	549.257	602.552	599.276	898.779	822.829	547.121	809.243	15	147	165	17	145	149	163	167	14	20	219	3.95881	1.11087	0.528725	1	1	-1
44214.9	52713.3	2040.38	12.6389	200.537	1248.88	408.263	408.263	545.631	598.072	599.091	899.175	414.887	513.341	840.379	12	149	177	8	147	151	175	179	5	11	216	4.58197	1.17767	0.560517	1	1	-1
45175.7	41022.6	5064.15	14.4059	199.551	1076.2	410.695	410.695	553.846	602.238	602.39	899.747	775.705	822.612	864.148	10	151	137	18	149	153	135	139	15	21	216	4.3432	1.39223	0.662639	1	1	-1
45268.3	38438.5	1629.82	15.2055	201.119	1210.14	335.282	335.282	424.42	599.343	600.615	901.812	568.329	638.5	1029.82	10	152	129	6	150	154	127	131	3	9	215	5.17356	1.2048	0.573427	1	1	-1
45561.2	23871.3	7298.45	13.5825	200.258	1122	396.794	396.794	549.106	599.469	598.618	901.542	561.152	471.345	998.447	12	153	81	25	151	155	79	83	22	28	218	4.97397	1.19542	0.568965	1	1	-1
45658.8	39118.6	5475.82	15.4672	200.774	1196.68	405.03	405.03	407.809	600.16	597.811	896.759	658.803	418.563	675.822	14	153	132	20	151	155	130	134	17	23	217	4.88273	1.27894	0.608717	1	1	-1
45851.8	15229.6	3298.51	12.1209	199.33	1381.66	492	492	619.884	599.696	599.376	903.904	551.834	529.593	1198.51	14	154	52	11	152	156	50	54	8	14	215	3.54017	1.15529	0.549867	1	1	-1
45644.3	75145.6	2066.63	11.406	199.543	1258.07	445.601	445.601	691.907	597.769	601.555	896.991	344.251	745.647	566.628	13	154	251	9	152	156	249	253	6	12	215	3.9724	1.15143	0.548027	1	1	-1
46062.8	26702.8	4151.36	12.223	199.734	1372.77	470.143	470.143	513.01	598.438	600.262	895.803	462.816	602.812	551.357	13	155	90	16	153	157	88	92	13	19	215	3.88161	1.09187	0.519679	1	1	-1
46472.4	65426.8	7043.48	11.6366	199.123	1054.89	476.708	476.708	654.417	602.84	600.169	901.589	872.432	626.784	1043.48	12	155	219	24	153	157	217	221	21	27	215	3.96903	1.1375	0.541397	1	1	-1
46760.5	68528.7	5708.05	12.4454	199.693	1059.45	462.985	462.985	557.891	602.44	601.191	896.124	860.526	728.668	608.049	12	156	229	21	154	158	227	231	18	24	215	3.75501	1.0817	0.514839	1	1	-1
46704.6	51259.9	4804.45	10.6614	200.428	1293.75	426.834	426.834	604.56	599.182	599.705	897.007	504.643	559.942	604.446	12	157	172	18	155	159	170	174	15	21	216	4.06522	1.02403	0.487389	1	1	-1
47259.4	14934.6	3832.92	13.243	200.277	1414.02	492	492	546.262	601.027	596.726	895.178	759.449	234.611	532.919	14	158	52	15	156	160	50	54	12	18	218	3.89171	1.12583	0.535841	1	1	-1
47389.5	31093.5	5626.91	13.4776	199.6	1071.04	435.088	435.088	645.389	599.672	598.527	899.352	589.481	493.549	826.914	9	159	105	20	157	161	103	107	17	23	217	4.64795	1.22249	0.581847	1	1	-1
47625	14226.2	3605.43	13.6188	201.197	1449.25	492	492	532.643	598.798	601.169	900.451	525.026	726.177	905.432	13	160	48	13	158	162	46	50	10	16	219	4.09129	1.12315	0.534566	1	1	-1
47797.5	50104.5	3242.81	11.6722	200.606	1194.27	420.149	420.149	531.447	601.246	600.286	899.36	697.478	604.451	842.81	9	160	168	12	158	162	166	170	9	15	215	3.60621	1.04934	0.499436	1	1	-1
48170	64771.1	6072	10.8144	199.74	1058.13	492	492	552.997	601.646	599.73	900.49	769.987	571.131	972	13	161	217	21	159	163	215	219	18	24	213	3.18041	1.05069	0.500082	1	1	-1
48558.8	39693.6	6705.22	14.1873	198.562	1362.16	491.681	491.681	720.786	599.201	601.547	901.741	558.824	693.597	1005.22	14	163	133	23	161	165	131	135	20	26	217	5.04028	1.30708	0.622112	1	1	-1
48614.8	41091	5215.38	12.0661	201.424	1171	382.965	382.965	541.736	600.328	599.765	898.102	614.794	590.999	715.378	12	163	138	19	161	165	136	140	16	22	216	4.56169	1.09066	0.519106	1	1	-1
49024.2	34594.9	2022.77	12.7172	200.389	1477.72	377.405	377.405	617.953	601.635	601.171	899.123	724.191	694.942	822.767	13	164	116	8	162	166	114	118	5	11	217	5.3095	1.29447	0.616107	1	1	-1
48891.2	54987.5	5643.26	11.4264	199.984	1140.12	446.692	446.692	703.459	599.899	601.077	902.458	591.227	687.489	1143.26	10	164	184	19	162	166	182	186	16	22	213	3.97597	1.07373	0.511047	1	1	-1
49032	70991.2	6474.54	13.7266	199.808	1366.18	415.216	415.216	688.31	601.817	598.57	897.888	732.03	491.218	774.541	12	164	238	23	162	166	236	240	20	26	216	5.00442	1.38734	0.66031	1	1	-1
49156.6	47037.1	1705.23	15.4592	199.583	1204.76	427.705	427.705	574.754	599.605	598.722	898.032	556.59	537.123	805.226	11	165	158	7	163	167	156	160	4	10	219	5.43388	1.40778	0.670037	1	1	-1
49053.6	62802.8	3733.9	10.8689	200.114	1275.76	490.346	490.346	574.588	598.526	601.221	901.836	453.566	702.796	1033.9	14	165	210	13	163	167	208	212	10	16	215	3.85716	1.01096	0.481171	1	1	-1
49716.6	6576.99	2104.85	14.7532	200.92	1343.34	366.028	366.028	487.017	598.873	599.596	899.773	516.558	576.988	904.85	11	167	23	8	165	169	21	25	5	11	221	5.77248	1.24518	0.592649	1	1	-1
49882.4	52808.2	5258.06	11.791	200.294	1277.19	453.028	453.028	618.332	597.704	600.278	898.452	382.402	608.224	758.065	12	168	177	19	166	170	175	179	16	22	216	3.71744	1.11229	0.529398	1	1	-1
50107.8	72555.9	3941.42	10.2182	200.012	1088.08	443.312	443.312	660.036	600.287	597.286	902.579	607.801	255.933	1241.42	11	168	244	13	166	170	242	246	10	16	216	3.28452	0.980134	0.466499	1	1	-1
50527	50019.4	2854.09	11.1634	199.418	1457.25	491.999	491.999	637.727	601.51	599.173	901.687	726.986	519.425	1054.09	14	169	168	10	167	171	166	170	7	13	215	3.82607	1.07118	0.509832	1	1	-1
50725.5	24259	4835.39	14.6942	199.523	1362.85	431.68	431.68	595.144	600.328	599.327	901.06	625.503	559.032	935.39	11	170	82	17	168	172	80	84	14	20	219	5.03002	1.29942	0.618466	1	1	-1
51160.8	29873.3	6605.79	14.8261	200.795	1281.63	395.47	395.47	509.573	598.588	598.319	896.125	460.848	473.317	605.795	13	172	101	24	170	174	99	103	21	27	219	4.83234	1.2658	0.602463	1	1	-1
51390.4	48617	4113.49	13.782	200.631	1172.23	398.704	398.704	534.478	600.824	600.067	902.666	690.369	617.02	1113.49	11	172	163	14	170	174	161	165	11	17	216	5.003	1.29049	0.614215	1	1	-1
51330.1	54682.9	3641.77	13.6167	200.159	1320.58	415.774	415.774	564.983	600.387	600.808	896.624	630.104	682.852	641.773	12	172	183	14	170	174	181	185	11	17	220	4.55198	1.22362	0.582388	1	1	-1
51491.8	14117.8	3382.7	12.3686	199.071	1265.58	487.445	487.445	728.791	598.584	600.337	904.139	491.781	617.781	1282.7	14	173	48	11	171	175	46	50	8	14	216	3.79957	1.15335	0.548944	1	1	-1
51530.7	21519.1	2953.18	13.9021	199.604	1130.67	455.332	455.332	578.084	599.049	599.117	899.529	530.712	519.149	853.182	11	173	73	11	171	175	71	75	8	14	216	4.81968	1.24078	0.590552	1	1	-1
51651.2	40124	2239.11	14.1904	200.012	1403.68	402.13	402.13	597.677	600.278	599.099	897.693	651.163	524.034	739.106	10	173	135	9	171	175	133	137	6	12	221	4.71605	1.27848	0.608497	1	1	-1
51964.4	12508.2	7326.46	13.1139	198.67	1253.8	486.404	486.404	793.833	600.842	598.603	897.702	664.417	508.232	726.459	11	174	43	26	172	176	41	45	23	29	216	4.3959	1.25613	0.597861	1	1	-1
52279.4	4777.99	4770.74	10.9471	199.912	1176.07	457.611	457.611	573.644	598.224	602.25	896.617	379.431	877.989	570.735	12	176	16	18	174	178	14	18	15	21	213	3.27067	1.08928	0.518446	1	1	-1
52482.2	72443.8	4436.3	11.3973	199.511	1296.74	492	492	649.772	599.789	598.231	899.621	582.221	443.792	836.3	12	176	243	16	174	178	241	245	13	19	214	3.38481	1.05458	0.501932	1	1	-1
53004.9	68362.5	3563.5	10.4367	199.521	990.511	491.997	491.997	781.681	602.15	599.561	896.812	804.907	562.49	563.496	16	177	229	14	175	179	227	231	11	17	215	4.1023	1.04715	0.498394	1	1	-1
53386.5	60904.1	2138.12	12.961	198.291	1285.18	492	492	822.737	599.68	600.067	904.056	586.454	604.101	1238.12	14	179	204	7	177	181	202	206	4	10	214	4.50397	1.17076	0.557228	1	1	-1
53688.8	58674.9	5072.67	12.5159	199.73	1107.35	436.412	436.412	604.311	599.857	598.238	899.772	588.773	474.913	872.671	11	180	197	18	178	182	195	199	15	21	214	4.53864	1.15507	0.549758	1	1	-1
53985.7	19432.9	3015.44	18.2459	199.184	1443.32	489.018	489.018	650.946	599.758	603.661	895.27	585.669	832.943	615.443	13	181	65	12	179	183	63	67	9	15	220	4.90137	1.51236	0.719814	1	1	-1
54127.7	45780.8	6868.25	11.7068	201.074	1179.62	344.102	344.102	542.829	598.389	598.76	899.502	427.694	480.841	868.248	12	182	154	24	180	184	152	156	21	27	215	4.1328	1.08633	0.517043	1	1	-1
54628.7	51483.4	4319.07	14.9214	200.399	1220.11	341.661	341.661	542.65	600.127	598.987	900.97	628.747	483.376	1019.07	9	183	173	15	181	185	171	175	12	18	217	5.00937	1.35668	0.645716	1	1	-1
54443.9	55688.2	4197.26	15.7762	200.822	1402.31	360.901	360.901	488.435	597.61	598.553	899.596	443.88	488.171	897.262	11	183	187	15	181	185	185	189	12	18	219	5.08373	1.34025	0.637898	1	1	-1
54863.7	42451.3	4687.03	13.0591	198.245	1598.66	488.445	488.445	793.534	599.435	602.168	901.94	563.674	751.347	1087.03	12	184	142	16	182	186	140	144	13	19	214	4.29262	1.36898	0.65157	1	1	-1
54940.4	69429.9	5310.57	13.8993	199.609	1107.77	420.695	420.695	650.897	600.649	601.988	902.316	640.411	729.855	1110.57	10	184	232	18	182	186	230	234	15	21	214	4.69184	1.32835	0.632235	1	1	-1
56217.4	16459.2	7322.17	11.8392	200.098	1160.09	484.533	484.533	463.686	600.701	601.909	904.638	717.394	859.182	1322.17	15	188	55	24	186	190	53	57	21	27	214	3.65982	1.06867	0.508637	1	1	-1
56216	16749.6	7392.28	12.6375	200.045	1065.69	397.955	397.955	474.474	600.898	597.171	901.812	716.034	249.578	1092.28	12	188	58	25	186	190	56	60	22	28	214	3.58443	1.01461	0.482906	1	1	-1
56224.3	52889.1	3546.5	13.2363	199.199	1056.16	492	492	614.465	601.406	600.926	899.562	724.279	689.121	846.504	13	188	177	13	186	190	175	179	10	16	215	3.79307	1.14152	0.543311	1	1	-1
56509.7	26329.6	3733.2	13.178	199.859	1435.81	441.816	441.816	534.722	601.812	598.955	901.576	709.741	529.618	1033.2	11	189	89	13	187	191	87	91	10	16	214	4.40258	1.15094	0.547795	1	1	-1
56094.3	71721.2	6256.6	11.4905	199.519	1250.81	466.812	466.812	594.082	597.286	600.49	903.137	294.271	621.162	1156.6	12	189	240	21	187	191	238	242	18	24	214	3.5441	1.14003	0.5426	1	1	-1
56838.7	21816	2842.95	11.6093	199.365	1112.34	478.91	478.91	698.422	601.165	599.147	895.374	738.664	516.006	442.95	13	190	74	12	188	192	72	76	9	15	214	3.913	1.10838	0.527537	1	1	-1
57066.3	57178.8	3425.99	13.6964	198.767	1211.01	492	492	633.521	600.683	602.284	901.939	666.27	778.803	1025.99	14	191	191	12	189	193	189	193	9	15	215	3.9679	1.21834	0.579872	1	1	-1
57381	63603.3	5829.14	11.4857	199.677	1035.2	492	492	613.308	603.33	599.823	904.614	980.959	603.251	1329.14	15	191	213	19	189	193	211	215	16	22	218	3.42888	1.00928	0.480372	1	1	-1
56789.8	74310	7048.91	12.7362	199.784	1197.46	477.74	477.74	546.6	597.742	599.031	901.744	389.802	509.956	1048.91	13	191	249	24	189	193	247	251	21	27	215	3.93967	1.14755	0.546182	1	1	-1
57960.7	12129	5930.3	25.5161	202.706	1393.98	187.495	187.495	382.285	600.32	601.674	898.999	660.658	728.986	830.302	11	194	41	21	192	196	39	43	18	24	222	6.05822	1.27207	0.605445	1	1	-1
58268.5	57151.9	6827.76	13.029	200.585	1216.06	396.184	396.184	502.706	600.86	597.944	899.629	668.533	451.916	827.76	12	195	192	24	193	197	190	194	21	27	215	4.53745	1.12342	0.534697	1	1	-1
58172.6	69487.3	1576.61	14.0868	200.74	1373.87	357.843	357.843	497.35	599.73	598.676	897.707	572.606	487.298	676.609	14	195	233	7	193	197	231	235	4	10	216	5.282	1.22791	0.584426	1	1	-1
59029.3	3965.68	4103.92	12.8933	200.356	1167.19	413.623	413.623	499.93	599.477	597.546	898.532	529.287	365.679	803.924	11	198	15	15	196	200	13	17	12	18	214	4.18577	1.094	0.520694	1	1	-1
59082.6	34101.4	1892.72	11.8631	199.474	1063.71	492	492	663.143	599.806	598.947	904.719	582.615	501.405	1292.72	14	198	115	6	196	200	113	117	3	9	216	4.10456	1.08048	0.51426	1	1	-1
59109.3	54171.3	4697.93	12.6904	200.877	1108.43	376.116	376.116	545.504	600.076	602.038	902.029	609.28	771.298	1097.93	12	198	181	16	196	200	179	183	13	19	218	4.5243	1.19095	0.566836	1	1	-1
58907.8	60733.9	3503.63	11.3208	200.247	1187.56	468.763	468.763	576.114	597.945	601.524	898.729	407.792	733.898	803.635	16	198	203	13	196	200	201	205	10	16	215	4.73525	1.09385	0.520621	1	1	-1
59327.7	72699.6	3462.45	12.0633	200.748	1373	466.359	466.359	527.97	599.337	600.722	902.141	527.691	699.574	1062.45	12	199	243	12	197	201	241	245	9	15	216	3.85054	1.03684	0.493489	1	1	-1
59548.9	75215.4	4191.67	12.0831	200.572	1242.21	400.798	400.798	576.469	598.459	599.124	899.933	448.943	515.415	891.675	11	200	252	15	198	202	250	254	12	18	219	4.72506	1.23005	0.585449	1	1	-1
60378.8	73409.4	4083.15	11.1757	199.694	1546.32	492	492	673.759	597.683	598.947	902.3	378.799	509.367	1083.15	15	203	246	14	201	205	244	248	11	17	216	3.59897	1.07258	0.510497	1	1	-1
60755.7	53383.8	2346.88	12.5058	198.862	1266.46	492	492	621.394	598.066	599.62	903.488	455.684	583.823	1146.88	15	204	179	8	202	206	177	181	5	11	215	4.3751	1.13741	0.541353	1	1	-1
61314.6	10212	3581.21	11.5946	199.765	1048.31	464.305	464.305	727.117	601.245	600.05	899.554	714.558	612.017	881.215	11	205	35	13	203	207	33	37	10	16	216	4.30217	1.054	0.501656	1	1	-1
61036.8	14232.5	7462.11	11.8275	200.047	992.192	437.711	437.711	549.179	598.303	601.747	902.701	436.786	732.51	1162.11	13	205	48	25	203	207	46	50	22	28	213	4.07352	1.10634	0.526569	1	1	-1
61102.1	50876.8	3276.52	12.5828	199.98	1146.77	408.021	408.021	594.853	598.683	601.587	903.106	502.147	776.771	1176.52	12	205	170	11	203	207	168	172	8	14	216	4.59752	1.16647	0.555186	1	1	-1
61261.1	61347.6	3011.7	11.7178	199.735	1415.35	492	492	616.658	600.76	601.334	906.113	661.121	747.644	1511.7	16	205	205	9	203	207	203	207	6	12	218	3.78045	1.08874	0.51819	1	1	-1
61564.8	40790.9	1672.1	13.942	199.025	1104	477.305	477.305	636.584	600.951	599.748	902.811	664.85	590.944	1072.1	12	206	137	6	204	208	135	139	3	9	214	4.90073	1.23168	0.586224	1	1	-1
61520.3	69672.5	5215.55	12.716	200.485	1049.38	407.599	407.599	560.822	600.69	600.867	901.397	620.345	672.521	1015.55	10	206	233	18	204	208	231	235	15	21	217	4.62475	1.10989	0.528258	1	1	-1
61950.1	5280.73	1561.83	12.7081	199.672	1164.7	443.153	443.153	604.122	598.22	601.763	897.157	450.135	780.733	661.828	11	208	18	7	206	210	16	20	4	10	216	4.70269	1.16743	0.555643	1	1	-1
62331.9	74964.5	5175.37	11.5773	199.218	1178.33	492	492	722.281	599.097	602.86	897.36	531.894	864.465	675.375	12	209	250	19	207	211	248	252	16	22	215	3.32732	1.06156	0.505254	1	1	-1
62743.8	58138.3	2062.46	14.5743	201.219	1298.9	359.232	359.232	472.11	599.807	599.117	898.461	643.793	538.313	862.459	15	210	195	8	208	212	193	197	5	11	221	5.29642	1.22813	0.584531	1	1	-1
63142.8	4974.11	5424.27	10.6973	199.566	1196.38	492	492	682.283	601.057	596.448	897.209	742.758	174.113	624.273	14	211	19	20	209	213	17	21	17	23	211	3.04278	1.03453	0.492388	1	1	-1
62917.2	40683.7	4210.47	11.8077	201.132	1399.96	348.322	348.322	495.748	599.325	598.575	899.789	517.192	483.665	910.468	12	211	137	15	209	213	135	139	12	18	214	4.72591	1.22145	0.581356	1	1	-1
63455.8	2018.01	5679.41	21.215	199.405	1981.34	446.979	446.979	746.251	603.495	598.149	900.091	755.839	518.011	879.407	10	212	8	20	210	214	6	10	17	23	222	7.5123	2.10104	1	1	1	-1
63438.3	8483.09	5856.32	13.2052	200.596	1287.53	403.286	403.286	546.532	601.658	600.463	898.46	738.299	683.092	756.325	11	212	29	21	210	214	27	31	18	24	215	4.31664	1.17901	0.561156	1	1	-1
65212.1	15537.6	3474.25	14.3804	200.76	1226	390.092	390.092	406.6	601.189	602.278	898.051	712.079	837.575	774.253	17	218	52	13	216	220	50	54	10	16	216	4.18589	1.17711	0.560249	1	1	-1
65231.9	41956.4	1765.78	11.6546	200.366	1353.1	439.736	439.736	684.797	601.455	599.184	897.393	731.861	556.412	565.776	10	218	141	8	216	220	139	143	5	11	215	3.74819	1.17304	0.558311	1	1	-1
65475.6	4753.64	5240.83	12.5356	200.54	1483.16	442.303	442.303	543.578	601.144	602.583	902.271	675.645	853.637	1040.83	15	219	16	18	217	221	14	18	15	21	220	4.48834	1.14261	0.543828	1	1	-1
65441	53490.6	4749.34	13.4412	199.237	1409.1	480.786	480.786	557.756	600.371	601.518	903.845	640.954	690.568	1149.34	15	219	179	16	217	221	177	181	13	19	216	4.93708	1.18863	0.565735	1	1	-1
65508.4	51356	3543.42	11.6711	199.938	1335.55	454.218	454.218	609.368	598.043	600.768	896.095	408.398	656.043	543.421	12	220	172	14	218	222	170	174	11	17	216	4.38719	1.10884	0.527756	1	1	-1
65851	55731	2906.41	11.7601	200.447	1236.31	449.947	449.947	558.732	601.676	601.819	902.762	750.984	831.016	1106.41	13	220	186	10	218	222	184	188	7	13	216	3.97428	1.18198	0.562566	1	1	-1
65636.4	66623.8	2005.14	11.2183	200.5	1487.92	446.098	446.098	594.918	599.638	600.429	898.865	536.37	623.827	805.144	8	220	223	8	218	222	221	225	5	11	216	3.92998	0.977166	0.465086	1	1	-1
65860.9	48741.7	3730.67	15.9092	200.778	1273.96	328.8	328.8	529.174	598.416	598.07	901.845	460.924	441.67	1030.67	11	221	164	13	219	223	162	166	10	16	218	5.11693	1.3927	0.662862	1	1	-1
66318.6	3216.7	4066.19	13.3553	199.4	1327.51	492	492	629.539	599.924	598.857	902.916	618.563	516.699	1066.19	12	222	12	14	220	224	10	14	11	17	215	4.13813	1.14498	0.544957	1	1	-1
66086.3	5514.63	5776.23	13.4927	199.365	1371.17	492	492	642.789	597.477	597.493	900.85	386.321	414.629	976.23	14	222	20	20	220	224	18	22	17	23	219	3.76273	1.25171	0.595756	1	1	-1
66437.1	35548.9	5966.04	12.6534	199.783	1172.19	428.452	428.452	663.117	601.643	598.239	899.815	737.148	448.925	866.039	10	222	120	21	220	224	118	122	18	24	216	4.02745	1.18186	0.562512	1	1	-1
67512.5	21849.8	3785.93	12.7858	200.67	1316.91	448.078	448.078	489.886	599.79	602.448	902.027	612.496	849.811	1085.93	12	226	73	13	224	228	71	75	10	16	215	3.97681	1.1651	0.554535	1	1	-1
67477.7	71729.1	5947.73	13.2037	199.976	1196.22	439.082	439.082	537.602	599.865	600.286	899.141	577.706	629.117	847.729	9	226	240	21	224	228	238	242	18	24	216	4.99566	1.16343	0.553741	1	1	-1
67882.2	20947	6035.07	11.6083	200.117	1306.32	428.507	428.507	701.923	601.044	599.419	897.777	682.173	547.024	635.071	9	227	71	22	225	229	69	73	19	25	214	3.93865	1.10785	0.527287	1	1	-1
69216.7	9158.2	2650.07	11.0139	199.051	1104.35	492	492	866.431	602.548	598.406	902.345	816.723	458.197	1150.07	13	231	32	9	229	233	30	34	6	12	213	3.49522	1.17066	0.557178	1	1	-1
69416.9	43086.3	5049.5	14.456	200.159	1288.07	385.072	385.072	549.917	601.24	598.743	896.162	716.949	486.269	549.502	10	232	145	19	230	234	143	147	16	22	215	4.42484	1.34904	0.642079	1	1	-1
69374.4	55754.2	6828.13	12.022	199.145	1266.64	473.374	473.374	737.531	600.741	599.343	899.208	674.422	554.196	828.126	11	232	187	24	230	234	185	189	21	27	215	3.78591	1.12953	0.537603	1	1	-1
69474.1	70015.2	5631.44	12.0494	198.987	1157.93	492	492	817.561	602.257	601.407	902.746	774.096	715.205	1131.44	13	232	234	19	230	234	232	236	16	22	213	3.84095	1.18745	0.565172	1	1	-1
69157.3	71881.7	3925.49	11.6989	200.101	1252.14	475.831	475.831	592.051	598.873	598.679	900.572	457.345	481.681	925.494	11	232	241	14	230	234	239	243	11	17	214	3.94682	1.09089	0.519212	1	1	-1
69486.1	2890.92	4585.17	19.0472	201.647	1497.77	409.165	409.165	494.897	598.294	598.577	901.49	486.114	490.922	985.171	10	233	11	16	231	235	9	13	13	19	221	6.26143	1.63752	0.779385	1	1	-1
69670.4	43375	1896.9	13.0687	199.554	1351.74	456.93	456.93	691.996	601.009	598.175	901.463	670.45	475.031	996.901	13	233	146	7	231	235	144	148	4	10	216	4.71673	1.25487	0.597258	1	1	-1
70018.1	22489	3112.8	12.0199	200.912	1371.98	460.549	460.549	429.325	600.732	600.042	897.703	718.076	588.96	712.796	14	234	76	12	232	236	74	78	9	15	216	3.46986	0.930944	0.443086	1	1	-1
69929.6	66414.3	4102.65	15.2932	200.882	1244.79	384.372	384.372	427.304	600.32	601.355	901.843	629.565	714.276	1102.65	12	234	222	14	232	236	220	224	11	17	216	4.91972	1.19046	0.566604	1	1	-1
71195.8	3058.77	4744.46	12.7422	200.472	1598	427.218	427.218	495.987	600.817	597.042	899.199	695.756	358.77	844.46	16	238	12	17	236	240	10	14	14	20	216	4.55985	1.3198	0.628162	1	1	-1
71375.3	33558.1	5631.39	11.6785	200.528	1525.54	442.406	442.406	546.033	599.445	599.31	902.752	575.265	558.145	1131.39	12	239	113	19	237	241	111	115	16	22	218	4.31481	1.09633	0.521801	1	1	-1
71907.4	41004	2383.06	11.9211	201.042	1548.18	407.892	407.892	551.749	599.327	601.724	903.348	507.357	803.954	1183.06	13	241	137	8	239	243	135	139	5	11	218	4.05589	1.09892	0.523034	1	1	-1
72146.4	45160.6	4553	12.2132	199.95	1308.45	443.182	443.182	554.149	601.435	601.266	903.984	746.358	760.554	1253	11	241	151	15	239	243	149	153	12	18	215	3.79858	1.08176	0.51487	1	1	-1
71891	56692.4	5566.49	11.7657	200.207	1338.09	464.332	464.332	558.308	598.712	600.135	898.317	490.982	592.372	766.49	13	241	190	20	239	243	188	192	17	23	217	3.39938	0.991448	0.471884	1	1	-1
72281.3	39335.1	4063.51	14.1761	198.973	1111.66	492	492	610.831	599.537	600.58	897.779	581.303	635.106	763.512	12	242	132	15	240	244	130	134	12	18	218	4.08509	1.13284	0.539178	1	1	-1
72328.9	43098.1	1523.03	14.9008	198.829	1199.75	492	492	584.764	600.151	598.292	900.454	628.859	498.063	923.028	13	242	145	6	240	244	143	147	3	9	215	4.75066	1.25865	0.599061	1	1	-1
72646.3	58869.9	4761.22	11.3445	200.246	1404.61	462.393	462.393	563.502	600.59	597.591	899.233	646.255	369.896	861.222	13	243	198	17	241	245	196	200	14	20	216	4.08239	1.07086	0.509678	1	1	-1
72618.3	63706.4	3055.28	10.9697	199.312	1145.87	482.931	482.931	733.462	600.236	601.298	900.615	618.339	706.402	955.277	11	243	213	11	241	245	211	215	8	14	217	3.59831	1.04755	0.498584	1	1	-1
72731.6	67625.7	5430.16	11.4099	200.276	1250.59	441.216	441.216	589.731	601.23	601.567	900.421	731.646	725.704	930.156	11	243	226	19	241	245	224	228	16	22	217	3.95264	1.033	0.49166	1	1	-1
72969.2	15391	5550.27	12.8558	201.539	1251.91	339.268	339.268	509.4	600.623	601.329	898.763	669.161	691.01	750.266	13	244	52	20	242	246	50	54	17	23	216	5.61038	1.19962	0.570965	1	1	-1
73034.5	27939	3368.25	12.0383	199.112	1094.1	491.635	491.635	860.765	601.446	600.516	894.446	734.532	639.037	68.2544	16	244	94	15	242	246	92	96	12	18	216	3.49847	1.00284	0.477303	1	1	-1
72867.3	33299.2	2399.34	15.4828	201.674	1249.28	256.626	256.626	502.898	599.587	599.924	900.371	567.27	599.216	899.345	11	244	112	9	242	246	110	114	6	12	218	5.6268	1.20994	0.575877	1	1	-1
72605.8	41603.1	3383.41	10.6284	200.403	1462.98	492	492	654.744	597.241	599.176	897.838	305.796	503.073	683.41	14	244	140	13	242	246	138	142	10	16	216	3.56648	0.990139	0.47126	1	1	-1
73362.5	7766.94	2121.33	11.5557	199.675	1256.27	492	492	608.254	602.173	599.705	899.857	762.508	566.937	921.332	14	245	27	8	243	247	25	29	5	11	215	4.03792	1.09126	0.519388	1	1	-1
73253.9	37767.5	6039.64	12.126	200.802	1170.57	398.069	398.069	514.07	600.53	599.368	900.337	653.925	567.49	939.64	14	245	127	21	243	247	125	129	18	24	216	5.09796	1.04099	0.495462	1	1	-1
73611	66063.7	1729.31	12.1449	200.014	1397.64	408.517	408.517	647.596	601.399	600.885	898.963	710.975	663.673	829.314	12	246	221	7	244	248	219	223	4	10	216	4.25149	1.13083	0.538224	1	1	-1
73468.8	75041.5	4375.03	13.2327	199.607	1139.73	445.517	445.517	532.405	599.587	600.354	897.942	568.836	641.456	775.035	10	246	251	16	244	248	249	253	13	19	218	4.05293	1.11705	0.531666	1	1	-1
73725.8	13335	1805.86	12.089	200.152	1267.21	454.138	454.138	552.709	598.99	601.44	899.486	525.819	735.026	905.864	14	247	45	7	245	249	43	47	4	10	217	4.16645	1.1043	0.525595	1	1	-1
73770.1	21261.1	3058.54	11.9256	199.833	1283.92	492	492	565.731	599.975	602.579	897.269	570.13	861.106	658.537	14	247	71	12	245	249	69	73	9	15	215	3.62317	1.03485	0.49254	1	1	-1
74429.1	58726	4120.87	10.7664	200.26	1227.52	466.135	466.135	684.918	600.336	599.033	899.328	629.13	525.95	820.87	11	249	197	15	247	251	195	199	12	18	216	3.45646	1.04964	0.499582	1	1	-1
74843.5	4793.23	5260.91	13.6751	200.741	1228.24	363.278	363.278	573.291	600.952	599.528	896.031	743.456	593.234	460.912	13	250	17	20	248	252	15	19	17	23	218	4.5702	1.20963	0.575726	1	1	-1
74687.2	36715.3	1864.12	11.0913	200.988	1302.73	406.336	406.336	440.415	599.983	600.506	900.472	587.167	715.331	964.121	15	250	123	7	248	252	121	125	4	10	219	3.84595	0.985199	0.468909	1	1	-1
75251.8	64569.5	2757.93	11.1494	199.495	1280.16	482.359	482.359	652.319	602.458	600.895	903.201	851.754	669.531	1257.93	12	251	216	9	249	253	214	218	6	12	214	3.4139	1.1153	0.53083	1	1	-1
SPOTS_END
