FISH-QUANT	v3a
File-version	3D_v1
RESULTS OF SPOT DETECTION PERFORMED ON 24-Sep-2021 
COMMENT	
IMG_Raw	Poiss_300spots_bg_200_2_I_300_0_img1.tif
IMG_Filtered	
IMG_DAPI	
IMG_TS_label	
FILE_settings	Poiss_300spots_bg_200_2_I_300_0_img1__settings_MATURE.txt
PARAMETERS
Pix-XY	Pix-Z	RI	Ex	Em	NA	Type
300	300	1.33	547	583	1.4	widefield
CELL_START	EntireImage
X_POS	1	1	256	256	
Y_POS	1	256	256	1	
Z_POS	
CELL_END
SPOTS_START
Pos_Y	Pos_X	Pos_Z	AMP	BGD	RES	SigmaX	SigmaY	SigmaZ	Cent_Y	Cent_X	Cent_Z	MuY	MuX	MuZ	ITERY_det	Y_det	X_det	Z_det	Y_min	Y_max	X_min	X_max	Z_min	Z_max	INT_raw	INT_filt	SC_det	SC_det_norm	TH_det	TH_fit	IN_nuc
1570.96	25400.3	5011.93	12.6868	199.671	1337.59	429.72	429.72	646.059	600.59	598.516	902.074	670.962	500.341	1111.93	10	6	86	17	4	8	84	88	14	20	216	4.14211	1.19894	0.649331	1	1	-1
1670.41	63993.2	5382.79	11.8882	200.078	1176.55	442.264	442.264	543.741	598.794	600.658	903.375	470.408	693.182	1182.79	11	7	214	18	5	9	212	216	15	21	220	3.76716	1.01106	0.547576	1	1	-1
2286.08	29361.4	6486.41	12.4309	199.454	1120.43	492	492	624.547	602.189	599.613	898.535	786.075	561.437	786.41	13	8	99	23	6	10	97	101	20	26	214	3.56822	1.14142	0.618177	1	1	-1
2071.83	50337.5	2059.01	12.78	200.394	1237.7	446.024	446.024	479.474	599.84	602.141	903.599	571.825	837.498	1159.01	12	8	168	7	6	10	166	170	4	10	215	4.21143	1.08868	0.589615	1	1	-1
2086.57	66104.7	1923.55	12.692	199.383	1682.09	445.441	445.441	695.164	599.671	597.614	897.522	586.57	404.732	723.547	12	8	222	8	6	10	220	224	5	11	219	4.73633	1.27395	0.689951	1	1	-1
3637.86	5247.58	1903.92	13.2587	200.047	1249.11	413.622	413.622	632.923	600.53	597.921	897.912	637.864	447.582	703.916	12	13	19	8	11	15	17	21	5	11	215	5.01614	1.29671	0.702279	1	1	-1
3616.72	16302.8	1678.32	11.5744	200.02	1013.99	482.317	482.317	561.511	599.84	597.903	898.779	616.718	402.843	778.315	13	13	56	7	11	15	54	58	4	10	217	3.22487	0.993309	0.537963	1	1	-1
3747.83	48604.5	2610.35	12.3883	200.518	1484.31	492	492	641.565	601.31	596.869	895.542	747.828	304.544	510.347	14	13	164	11	11	15	162	166	8	14	218	3.73946	1.10471	0.598293	1	1	-1
3512.4	70950	3785.47	12.2721	200.51	1425.07	403.432	403.432	542.172	599.183	598.247	898.348	512.403	450.011	785.466	13	13	238	14	11	15	236	240	11	17	214	4.72364	1.23847	0.670737	1	1	-1
3661.97	15494.6	6292.23	10.2459	200.625	1305.66	444.055	444.055	556.377	597.909	598.997	900.067	361.975	494.606	892.235	15	14	53	22	12	16	51	55	19	25	216	3.37377	0.94622	0.51246	1	1	-1
4007.24	69702.8	2136.56	12.0033	199.604	1460.62	472.419	472.419	646.33	601.188	601.003	903.928	707.244	702.756	1236.56	14	14	233	7	12	16	231	235	4	10	216	3.94319	1.12882	0.611355	1	1	-1
4158.69	8985.31	5313.51	16.7434	201.435	1568.7	301.778	301.778	479.132	599.192	600.328	898.671	558.692	585.314	813.507	14	15	31	19	13	17	29	33	16	22	226	6.71749	1.46361	0.792672	1	1	-1
4212.15	56113.7	1723.98	11.0345	200.118	1265.71	460.096	460.096	652.389	600.067	600.303	902.634	612.146	613.744	1123.98	13	15	188	6	13	17	186	190	3	9	214	3.87882	1.02632	0.555841	1	1	-1
4022.39	72766.4	3869.95	14.4868	201.26	1249.57	338.741	338.741	431.224	597.741	598.323	899.275	422.392	466.443	869.954	13	15	244	14	13	17	242	246	11	17	216	5.34129	1.20908	0.654823	1	1	-1
4256.92	48305.8	2438.76	13.9986	199.932	1423.18	492	492	641.971	597.222	603.794	900.512	356.918	905.829	938.764	13	16	161	9	14	18	159	163	6	12	218	3.94794	1.14378	0.619454	1	1	-1
4598.74	55037.4	4118.57	13.8085	198.958	1290.78	474.261	474.261	623.452	601.273	601.829	902.951	698.737	737.351	1118.57	11	16	184	14	14	18	182	186	11	17	218	4.08014	1.2432	0.6733	1	1	-1
4748.9	41976.2	4308.6	12.278	199.69	1419.82	492	492	541.436	599.604	602.758	896.769	548.901	876.185	708.604	14	17	140	16	15	19	138	142	13	19	217	4.8885	1.22036	0.66093	1	1	-1
5260.05	17477.9	5917.55	20.0159	201.237	2014.2	445.343	445.343	576.586	602.744	601.078	904.219	760.049	677.924	1117.55	13	18	59	20	16	20	57	61	17	23	229	7.28177	1.77287	0.960162	1	1	-1
5226.34	32285.8	7514.29	11.8321	199.075	1292.29	492	492	733.714	601.45	598.946	903.651	726.337	485.841	1214.29	16	18	109	25	16	20	107	111	22	28	217	3.18296	1.0064	0.545051	1	1	-1
5184.98	61789.9	3674.38	12.8536	199.284	1202.84	457.686	457.686	606.58	601.181	599.975	897.005	684.982	589.879	674.376	12	18	207	14	16	20	205	209	11	17	214	4.66767	1.14608	0.620703	1	1	-1
5164.79	11635	5756.09	9.79283	200.177	1247.38	455.891	455.891	611.325	597.603	599.764	900.608	364.795	534.95	956.093	12	19	40	20	17	21	38	42	17	23	214	3.61055	0.98611	0.534064	1	1	-1
5787.62	67632.4	2572.22	13.0833	200.623	1309.72	402.152	402.152	572.103	601.102	601.379	899.167	687.622	732.415	772.224	10	20	226	10	18	22	224	228	7	13	215	4.5196	1.19148	0.645289	1	1	-1
6035.02	9804.13	4926.65	13.5818	198.792	1501.36	492	492	710.646	600.732	598.595	897.493	635.022	504.126	726.647	13	21	34	18	19	23	32	36	15	21	219	5.07565	1.28958	0.69842	1	1	-1
6280.74	41068.1	4279.69	12.3328	199.652	1243.55	489.479	489.479	651.632	599.84	599.378	897.049	580.745	568.076	679.694	13	22	138	16	20	24	136	140	13	19	214	3.84553	1.12534	0.60947	1	1	-1
6268.86	73627.3	5977.15	11.6403	199.644	1060.28	490.834	490.834	588.842	599.376	601.298	903.473	568.865	727.291	1177.15	14	22	246	20	20	24	244	248	17	23	215	3.53512	1.02491	0.555078	1	1	-1
6480.54	27811.4	7535.67	12.5867	200.807	1320.48	389.938	389.938	507.488	598.956	599.057	899.697	480.539	511.366	935.67	13	23	94	26	21	25	92	96	23	29	215	4.65983	1.0962	0.593685	1	1	-1
6409.31	31359.8	3199.8	15.4942	200.908	1139.55	340.431	340.431	521.473	597.634	598.518	899.571	409.309	459.79	799.801	11	23	106	12	21	25	104	108	9	15	219	5.12785	1.37252	0.743338	1	1	-1
6650.59	9825.69	6995.44	10.4085	200.025	1251.85	492	492	575.124	597.537	599.342	901.189	350.585	525.688	995.443	15	24	34	24	22	26	32	36	21	27	213	3.0702	0.948587	0.513742	1	1	-1
7279.73	34368.9	2866.48	12.4587	201.209	1215.46	361.636	361.636	440.032	600.911	598.811	898.6	679.728	468.898	766.478	10	25	116	11	23	27	114	118	8	14	217	4.34744	1.06397	0.576233	1	1	-1
7436.45	61879.1	7149.12	13.6835	200.568	1457.48	406.188	406.188	503.366	599.596	600.446	903.207	536.452	679.119	1149.12	11	26	207	24	24	28	205	209	21	27	219	4.59213	1.14451	0.61985	1	1	-1
8450.27	37198	4668.86	12.2367	199.37	1323.52	491.999	491.999	656.744	600.9	599.865	897.989	650.273	597.974	768.862	13	29	125	17	27	31	123	127	14	20	214	4.00422	1.16168	0.629152	1	1	-1
8278.27	52578.5	4236.05	11.5402	199.77	1307.62	492	492	635.67	598.947	597.489	896.866	478.267	378.465	636.052	12	29	177	16	27	31	175	179	13	19	215	3.41306	1.02128	0.553112	1	1	-1
8746.89	38544.2	2689.82	11.9829	201.943	1510.67	403.738	403.738	421.263	600.529	598.64	896.105	646.892	444.218	589.819	13	30	130	11	28	32	128	132	8	14	216	3.65495	1.14236	0.618684	1	1	-1
8839.48	51021.1	5926.35	14.1773	200.732	1411.06	386.53	386.53	572.806	601.915	600.067	898.429	739.483	621.113	826.349	13	30	171	21	28	32	169	173	18	24	216	5.60324	1.36152	0.737382	1	1	-1
9293.22	19352.3	3299.75	10.143	200.552	1492.38	482.63	482.63	600.462	602.635	599.284	900.118	893.223	452.265	899.753	13	31	66	12	29	33	64	68	9	15	216	3.23018	0.958786	0.519266	1	1	-1
9114.46	26450.8	7014.67	11.2802	200.223	1170.73	422.754	422.754	650.055	601.171	600.632	898.146	714.461	650.761	714.674	11	31	89	25	29	33	87	91	22	28	215	4.02179	1.11327	0.602933	1	1	-1
8998.84	56379.8	1497.27	13.3486	200.5	1520.49	408.007	408.007	513.435	599.806	602.755	900.733	598.838	879.794	897.27	14	31	188	6	29	33	186	190	3	9	217	3.9699	1.20784	0.654151	1	1	-1
9127.27	21950.9	3106.95	10.9232	199.739	1452.3	491.999	491.999	602.984	598.263	600.455	898.204	427.269	650.946	706.95	13	32	74	12	30	34	72	76	9	15	215	3.50275	1.02389	0.554522	1	1	-1
9263.51	50439.3	4200.15	12.5854	199.529	1307.92	492	492	633.018	599.462	600.337	904.333	563.509	639.256	1200.15	13	32	169	14	30	34	167	171	11	17	215	3.94755	1.05638	0.57212	1	1	-1
9620.51	17952.5	2961.58	13.6609	201.684	1404.9	378.458	378.458	405.044	600.118	599.74	899.773	620.514	552.523	861.58	10	33	61	11	31	35	59	63	8	14	218	4.73771	1.21668	0.658938	1	1	-1
9969.02	27797.1	2154.71	11.6504	199.84	1095.67	492	492	559.454	600.464	602.091	896.468	669.017	797.136	654.706	14	34	93	9	32	36	91	95	6	12	213	3.80945	0.968262	0.524398	1	1	-1
10274.9	49002.6	1570.09	13.6338	199.592	1459.54	472.988	472.988	529.455	597.531	601.163	900.464	374.924	702.641	970.087	12	36	164	6	34	38	162	166	3	9	219	4.42364	1.20181	0.650883	1	1	-1
10791.9	19144.2	2750.49	12.8972	200.094	1186.37	459.052	459.052	540.077	599.764	599.462	901.649	591.859	544.247	950.493	13	37	65	10	35	39	63	67	7	13	214	4.38778	1.14322	0.619151	1	1	-1
10963.2	53739.9	4834.82	11.9285	200.366	1134.29	412.968	412.968	563.326	601.155	600.7	896.813	763.175	639.928	634.824	12	37	180	18	35	39	178	182	15	21	219	4.23919	1.02939	0.557504	1	1	-1
11715.5	32907.3	5256.88	13.7182	199.522	1340.32	433.993	433.993	658.956	600.067	598.477	901.801	615.481	507.28	1056.88	11	40	111	18	38	42	109	113	15	21	219	5.39517	1.27461	0.690313	1	1	-1
11903.1	62851.6	3707.68	12.0786	199.453	1299.74	492	492	616.805	598.989	598.298	901.196	503.112	451.606	1007.68	12	41	211	13	39	43	209	213	10	16	215	3.83867	1.05991	0.57403	1	1	-1
12555.4	49751.8	2364.38	11.3777	199.65	1243.38	492	492	601.791	599.68	599.089	896.096	555.368	551.77	564.377	15	43	167	10	41	45	165	169	7	13	216	3.73007	1.05257	0.570059	1	1	-1
13112.4	73801.6	6747.54	12.3569	200.228	1305.52	465.231	465.231	587.369	598.864	600.252	904.956	512.358	601.572	1347.54	13	45	247	22	43	47	245	249	19	25	215	3.69584	1.05356	0.570593	1	1	-1
13932	19129.3	5886.81	11.7423	200.629	1230.77	452.806	452.806	465.74	601.482	599.52	898.551	732.044	529.274	786.809	14	47	65	21	45	49	63	67	18	24	218	3.40965	0.991272	0.536859	1	1	-1
13767.8	43903.8	3353.88	15.5247	201.48	1362.38	318.289	318.289	451.518	600.623	601.304	900.025	567.822	703.849	953.885	10	47	147	12	45	49	145	149	9	15	218	5.0871	1.28951	0.698382	1	1	-1
13968.4	47417.4	5438.75	13.0915	199.787	1378.76	480.124	480.124	628.073	601.976	600.076	904.305	768.374	617.377	1238.75	13	47	159	18	45	49	157	161	15	21	216	4.27458	1.18642	0.64255	1	1	-1
13708.1	58886.3	2569.45	13.7309	200.98	1225.09	385.735	385.735	474.829	599.125	601.178	901.759	508.105	686.315	1069.45	11	47	197	9	45	49	195	199	6	12	216	4.51231	1.14862	0.622076	1	1	-1
13959.6	65219.7	5234.39	12.8399	200.552	1319.4	364.215	364.215	561.748	602.033	601.139	901.206	759.631	719.695	1034.39	9	47	218	18	45	49	216	220	15	21	217	4.03402	1.1967	0.648116	1	1	-1
14130.4	1365.54	7903.68	11.7959	199.65	659.567	134.553	134.553	243.463	599.897	599.477	899.923	630.43	465.54	1003.68	16	48	6	27	46	50	4	8	24	30	205	2.02747	0.593267	0.321305	1	1	-1
14121.3	38435	4439.09	12.8419	201.311	1191.35	367.615	367.615	437.707	599.983	600.345	899.579	621.334	635.023	839.087	10	48	129	16	46	50	127	131	13	19	219	4.86779	1.01789	0.551277	1	1	-1
14332	60917.5	3215.63	16.4423	199.785	924.686	376.393	376.393	571.172	603.279	600.287	899.106	832.047	617.533	815.632	10	48	204	12	46	50	202	206	9	15	217	5.69768	1.50975	0.817659	1	1	-1
14321.7	27247.5	1471.15	11.4781	199.571	1379.95	491.999	491.999	599.613	599.376	602.488	899.587	521.728	847.487	871.147	14	49	91	6	47	51	89	93	3	9	216	3.76696	1.08639	0.588376	1	1	-1
14523.3	64007.6	3617.44	12.0142	200.715	1036.09	369.61	369.61	550.907	601.401	601.105	897.266	723.258	707.604	617.44	12	49	214	14	47	51	212	216	11	17	216	4.27851	1.11563	0.604211	1	1	-1
14784.9	55075.9	2172.4	16.4056	200.288	1721.38	436.372	436.372	928.76	600.884	597.682	895.072	684.935	475.899	372.399	15	50	185	10	48	52	183	187	7	13	223	5.34435	1.66635	0.902471	1	1	-1
14673.2	55226.4	5899.74	10.3078	200.19	1251.7	464.086	464.086	654.211	599.789	600.278	901.676	573.196	626.403	1099.74	12	50	185	20	48	52	183	187	17	23	218	3.4099	0.964622	0.522426	1	1	-1
14912.1	55037.1	2038.82	17.7753	199.944	1566.93	434.421	434.421	700.25	599.221	597.513	906.932	512.058	437.147	1438.82	12	51	185	6	49	53	183	187	3	9	220	5.71609	1.64992	0.893572	1	1	-1
15242.6	44028.7	2104.42	12.0408	199.617	1410.13	472.835	472.835	615.877	599.065	599.175	900.067	542.566	528.689	904.423	15	52	148	8	50	54	146	150	5	11	219	4.18661	1.02648	0.555929	1	1	-1
15360.5	41884.5	1729.32	11.3615	199.687	1278.97	426.244	426.244	601.045	598.28	601.822	904.449	360.511	784.459	1429.32	13	53	140	5	51	55	138	142	2	8	219	3.59445	1.07264	0.580929	1	1	-1
15657.7	58148.4	3929.06	12.9255	201.487	1271.65	347.947	347.947	422.938	600.261	599.174	897.321	657.746	548.426	629.062	12	53	195	15	51	55	193	197	12	18	217	4.40353	1.06099	0.57462	1	1	-1
16048	7225.93	6366.72	13.4764	199.921	1387.79	446.065	446.065	584.84	601.682	600.765	900.681	747.956	625.933	966.723	11	54	25	22	52	56	23	27	19	25	215	4.61431	1.32535	0.717793	1	1	-1
15835.7	20638.4	4464.98	12.0887	199.317	996.142	492	492	658.624	599.055	596.405	899.494	535.711	238.37	864.981	14	54	71	16	52	56	69	73	13	19	216	3.66505	1.15329	0.624605	1	1	-1
15711.4	53315.2	5104.79	13.1128	198.814	1175.39	479.127	479.127	657.688	597.52	599.123	899.882	411.419	515.224	904.793	13	54	179	18	52	56	177	181	15	21	215	4.21257	1.26021	0.682511	1	1	-1
15711.3	60062.7	2650.4	10.7889	199.652	1399.46	492	492	690.958	598.345	603.436	899.84	411.262	962.7	850.401	14	54	200	10	52	56	198	202	7	13	217	3.4444	1.19542	0.647425	1	1	-1
16170.7	65314.3	6152.23	12.4815	199.225	1172.84	472.923	472.923	721.062	599.882	598.912	904.68	570.688	514.332	1352.23	13	55	219	20	53	57	217	221	17	23	213	4.54489	1.2579	0.68126	1	1	-1
16488.5	74856.5	7099.57	13.2379	200.453	1237.7	415.895	415.895	529.217	599.933	598.384	898.931	588.528	456.481	799.566	10	56	251	25	54	58	249	253	22	28	218	4.65166	1.13668	0.61561	1	1	-1
17283.5	20846.8	7472.55	13.4736	200.266	1289.19	421.46	421.46	520.176	598.964	601.743	899.747	483.479	746.814	872.554	12	59	70	26	57	61	68	72	23	29	217	4.20274	1.20524	0.652743	1	1	-1
17148	29184.4	3226.51	8.8492	200.852	1338.35	491.999	491.999	671.492	598.216	601.431	897.113	347.972	684.438	526.508	13	59	98	13	57	61	96	100	10	16	216	2.83101	0.989801	0.536063	1	1	-1
18193	30239.4	4232.38	12.3993	201.512	1049.5	365.66	365.66	437.107	598.889	599.268	900.269	493.039	539.418	932.381	9	62	102	15	60	64	100	104	12	18	213	4.22969	0.976663	0.528947	1	1	-1
18473.7	53763	1800.32	15.7174	201.304	1185.78	365.107	365.107	443.84	602.109	600.815	899.756	773.656	662.983	900.318	11	62	180	7	60	64	178	182	4	10	219	5.04418	1.24777	0.675775	1	1	-1
18548.6	52808.9	6077.97	14.1981	198.652	1368.01	492	492	691.689	598.974	600.05	901.16	548.642	608.891	977.967	12	63	177	21	61	65	175	179	18	24	220	4.45912	1.19714	0.648357	1	1	-1
19074.6	58045.3	2789.78	13.6759	200.821	1300.94	350.746	350.746	630.511	601.684	598.022	898.081	774.641	445.316	689.784	12	64	195	11	62	66	193	197	8	14	219	5.60554	1.36951	0.741707	1	1	-1
19303.9	35886.7	1462.1	13.6204	200.097	1438.53	449.935	449.935	556.756	601.269	598.369	899.336	703.874	486.725	862.097	12	65	121	6	63	67	119	123	3	9	216	4.694	1.24694	0.675327	1	1	-1
19559.2	64884.5	3709.28	12.5815	199.893	1505.38	447.619	447.619	573.862	600.32	600.708	901.44	659.25	684.481	1009.28	13	66	217	13	64	68	215	219	10	16	215	4.11068	1.16029	0.628396	1	1	-1
20118.6	35202.7	1588.72	12.6451	199.779	1795.73	492	492	561.687	600.05	601.321	896.534	618.609	702.741	688.72	12	68	118	7	66	70	116	120	4	10	215	4.41296	1.15138	0.623573	1	1	-1
19964.2	37544.1	7020.46	11.9339	199.708	1233.21	437.074	437.074	643.556	598.482	600.498	898.111	464.231	644.075	720.465	12	68	126	25	66	70	124	128	22	28	221	4.29177	1.12273	0.608057	1	1	-1
20894.8	21993.4	4481.61	10.7812	200.186	1177.72	454.931	454.931	604.285	598.904	598.036	899.612	494.754	393.423	881.612	12	71	75	16	69	73	73	77	13	19	215	3.89464	1.04139	0.564005	1	1	-1
21187	14600.1	4013.93	11.4001	200.425	1568.09	411.562	411.562	655.042	598.525	599.132	903.726	487	500.067	1313.93	14	72	50	13	70	74	48	52	10	16	215	4.65444	1.18768	0.643229	1	1	-1
21229.8	39982.2	1894.5	14.1074	199.897	1343.09	398.938	398.938	597.132	599.081	601.331	897.683	529.792	682.158	694.496	11	72	134	8	70	74	132	136	5	11	216	4.94296	1.35539	0.734061	1	1	-1
21542.9	35490	6229.52	13.9456	199.262	1254.2	446.126	446.126	584.434	599.528	601.375	902.707	542.874	689.966	1129.52	12	73	119	21	71	75	117	121	18	24	219	4.97739	1.29477	0.701228	1	1	-1
21881	29809.8	4187.55	13.7635	199.098	1187.69	466.751	466.751	582.282	599.781	601.239	900.169	580.997	709.848	887.554	11	74	100	15	72	76	98	102	12	18	216	4.56059	1.22016	0.660824	1	1	-1
21703.4	57165.4	5012.28	12.472	199.043	1172.76	492	492	656.066	597.731	598.162	898.718	403.399	465.39	812.281	13	74	192	18	72	76	190	194	15	21	213	3.95386	1.11009	0.601208	1	1	-1
21888.8	65291.6	5049.78	13.6943	198.558	1093.09	492	492	690.068	599.899	598.543	899.183	588.753	491.573	849.783	13	74	219	18	72	76	217	221	15	21	215	4.15396	1.22425	0.663037	1	1	-1
22556.8	4353.26	2515.66	13.9406	200.104	1140.69	405.809	405.809	546.318	600.834	601.702	900.935	656.795	753.257	1015.66	10	76	15	9	74	78	13	17	6	12	215	4.35969	1.24435	0.673922	1	1	-1
22568.6	33840.7	4861.3	12.4753	200.78	1093.02	390.773	390.773	511.867	600.118	599.082	900.918	668.561	540.713	961.297	11	76	114	17	74	78	112	116	14	20	216	4.29889	1.144	0.619575	1	1	-1
22565.9	38577	5848.23	13.6149	200.377	1300.53	398.961	398.961	561.742	600.8	602.231	901.633	665.91	776.999	1048.23	12	76	129	20	74	78	127	131	17	23	215	4.61337	1.27237	0.689099	1	1	-1
22502.3	73873.6	4788.72	13.1889	200.389	1026.65	421.553	421.553	504.617	599.831	597.303	903.717	602.292	373.628	1188.72	15	76	248	16	74	78	246	250	13	19	217	4.68241	1.15213	0.623977	1	1	-1
23004.7	16137	3749.57	11.9736	199.623	1206.75	492	492	593.507	599.217	599.158	901.979	504.668	537.016	1049.57	15	78	55	13	76	80	53	57	10	16	217	3.74545	1.06688	0.57781	1	1	-1
23474.8	23132.5	6257.59	9.96849	199.84	1031.53	492	492	596.781	602.717	597.884	902.091	974.804	332.471	1157.59	15	78	79	21	76	80	77	81	18	24	213	2.54768	0.898332	0.486524	1	1	-1
23294	67799.6	1899.71	14.7859	200.028	1118.68	410.023	410.023	518.065	598.374	600.152	897.439	493.957	599.581	699.713	11	79	227	8	77	81	225	229	5	11	214	5.10079	1.25937	0.682058	1	1	-1
24484.6	39684.9	1545.17	16.0666	200.877	1469.03	346.387	346.387	527.855	602.271	601.093	900.437	784.62	684.859	945.167	10	82	133	6	80	84	131	135	3	9	222	5.47444	1.42254	0.770426	1	1	-1
24774.8	32768.8	3345.72	14.6349	200.122	1790.64	477.022	477.022	615.455	602.766	596.949	896.546	774.843	368.839	645.723	13	83	111	13	81	85	109	113	10	16	220	4.14065	1.38549	0.750364	1	1	-1
25053.8	41323.5	7478.19	10.7685	199.601	1192.81	492	492	766.228	598.375	599.158	902.838	453.77	523.53	1178.19	13	85	139	25	83	87	137	141	22	28	215	3.59283	1.00121	0.542244	1	1	-1
25760.4	11281.7	6381.69	10.6205	200.097	1472.85	491.221	491.221	623.595	602.317	598.972	901.002	860.422	481.741	981.69	14	86	39	22	84	88	37	41	19	25	215	3.75191	1.13973	0.61726	1	1	-1
25854.5	50218.3	6770.04	11.87	199.841	1223.76	450.788	450.788	616.193	600.497	601.601	898.677	654.509	718.316	770.035	11	87	168	24	85	89	166	170	21	27	217	3.83117	1.12378	0.608622	1	1	-1
26014.4	24939.2	7428.24	10.7917	199.65	715.853	148.462	148.462	268.861	599.331	599.623	899.991	514.382	639.237	828.235	14	88	84	26	86	90	82	86	23	29	206	2.21776	0.62991	0.341151	1	1	-1
26139.5	26288	3362.98	12.9241	199.982	1476.92	438.919	438.919	557.928	600.446	598.602	900.455	639.479	487.964	962.982	13	88	89	12	86	90	87	91	9	15	217	4.93408	1.19994	0.649874	1	1	-1
26034.6	31506.1	3577.48	10.5766	199.905	1087.1	492	492	577.776	599.35	599.958	895.993	534.575	606.099	577.476	13	88	106	14	86	90	104	108	11	17	213	3.39079	1.02146	0.55321	1	1	-1
26204.9	54282.6	2001.38	11.8332	199.233	1172.21	492	492	644.579	601.079	599.798	902.757	704.87	582.645	1101.38	14	88	182	7	86	90	180	184	4	10	217	3.7106	1.03624	0.561214	1	1	-1
26023.3	56748.2	6814.04	12.2285	199.353	1443.84	492	492	671.323	599.007	600.707	898.797	523.316	648.208	814.04	12	88	190	24	86	90	188	192	21	27	216	3.03815	1.09094	0.59084	1	1	-1
26047	58313.7	5889.35	10.1724	200.088	1588.4	471.162	471.162	593.582	599.595	601.156	901.78	546.981	713.722	1089.35	13	88	195	20	86	90	193	197	17	23	217	3.38291	1.03264	0.559264	1	1	-1
26429.9	16443.4	7264.41	11.4673	200.554	1170.72	430.628	430.628	510.221	600.202	599.284	900.497	629.94	543.432	964.406	9	89	56	25	87	91	54	58	22	28	215	3.7099	1.01036	0.547196	1	1	-1
26687.6	63002.8	7200.07	8.24628	199.62	570.336	161.299	161.299	323.569	600.154	599.983	899.811	587.601	602.766	900.073	8	90	211	25	88	92	209	213	22	28	206	2.05353	0.581462	0.314912	1	1	-1
26996.6	2891.55	3871.05	11.0854	199.513	1377.35	491.037	491.037	694.547	600.025	598.821	899.411	596.583	491.555	871.049	10	91	11	14	89	93	9	13	11	17	214	3.22297	0.971764	0.526294	1	1	-1
27027.7	6371.81	3302.86	10.609	200.38	1044.21	453.014	453.014	564.346	600.059	597.815	903.138	627.664	371.807	1202.86	11	91	23	11	89	93	21	25	8	14	213	3.59904	0.966546	0.523468	1	1	-1
27080.1	45726.8	6757.65	10.7351	200.152	1222.7	457.748	457.748	628.871	600.918	600.901	898.408	680.071	726.845	757.65	10	91	153	24	89	93	151	155	21	27	213	3.09971	1.0374	0.561841	1	1	-1
27673.9	62805.8	3614.31	12.8998	199.755	1243.84	466.647	466.647	611.452	603.19	598.186	896.481	973.942	405.782	614.309	12	92	211	14	90	94	209	213	11	17	214	2.76045	0.994431	0.53857	1	1	-1
27822.8	35558.7	2585.12	12.7681	200.204	1070.31	400.975	400.975	733.528	599.284	601.659	896.438	522.764	758.718	485.123	11	94	119	11	92	96	117	121	8	14	215	4.30787	1.24649	0.675081	1	1	-1
28167.7	21023.8	6945.83	13.8369	199.379	1527.31	481.976	481.976	562.492	599.638	600.37	896.195	567.699	623.775	645.831	14	95	71	25	93	97	69	73	22	28	220	4.63291	1.16994	0.633625	1	1	-1
28433.6	61374.5	6267.62	15.0305	200.658	1088.72	409.807	409.807	459.036	599.428	601.809	895.523	533.569	774.465	567.624	12	96	205	23	94	98	203	207	20	26	218	5.24978	1.31025	0.709612	1	1	-1
28864.2	29787	4277.02	12.643	199.915	1297.07	418.71	418.71	629.06	600.329	600.893	901.222	664.239	686.99	977.016	9	97	100	15	95	99	98	102	12	18	215	4.43881	1.15705	0.626641	1	1	-1
28837.2	40183.2	3401.46	7.01721	199.8	620.73	156.942	156.942	329.59	600.249	599.529	899.546	637.191	583.215	701.46	15	97	135	13	95	99	133	137	10	16	205	2.0246	0.558057	0.302236	1	1	-1
28789.8	62868.2	3581.79	23.0763	200.517	1951.02	492	492	602.081	599.645	596.941	892.108	589.825	468.197	581.792	12	97	211	14	95	99	209	213	11	17	225	6.03927	1.749	0.947234	1	1	-1
29014.6	73627.1	7340.59	14.0798	200.704	1353.95	364.78	364.78	473.571	602.632	598.388	898.296	814.563	427.136	740.594	14	97	247	26	95	99	245	249	23	29	219	4.38142	1.22931	0.66578	1	1	-1
29018.4	5328.38	5273.84	12.3398	199.671	1207.54	471.256	471.256	613.532	598.973	598.998	901.903	518.383	528.375	1073.84	11	98	19	18	96	100	17	21	15	21	217	3.98034	1.08081	0.585349	1	1	-1
30007.6	25304.4	2208.33	13.673	199.375	1257.73	467.616	467.616	616.337	599.975	601.523	901.7	607.605	704.423	1008.33	15	101	85	8	99	103	83	87	5	11	218	5.17709	1.223	0.662362	1	1	-1
30158.5	58076.9	5140.25	12.9954	199.187	1319.94	492	492	733.021	597.922	598.418	903.904	458.512	476.863	1240.25	13	102	195	17	100	104	193	197	14	20	216	3.74423	1.15501	0.625538	1	1	-1
30343.3	59033.1	6837	13.5275	201.968	1393.1	313.482	313.482	453.392	600.488	598.848	901.934	643.303	533.119	1137	10	102	198	23	100	104	196	200	20	26	218	4.97529	1.16804	0.632595	1	1	-1
31199.3	35279.5	3946.95	11.4862	200.122	1081.63	492	492	579.782	603.116	598.897	900.682	899.32	479.499	946.947	12	104	119	14	102	106	117	121	11	17	219	3.45682	0.999794	0.541475	1	1	-1
31353.6	64644.5	1655.03	10.9492	199.7	1055.96	491.997	491.997	639.669	598.449	598.323	902.158	453.575	444.45	1055.03	12	106	217	6	104	108	215	219	3	9	212	3.41738	1.0388	0.562601	1	1	-1
31797.4	4446.64	6446.05	13.0647	199.593	1386.25	473.09	473.09	641.939	600.151	599.504	902.135	597.441	546.635	1046.05	13	107	16	22	105	109	14	18	19	25	219	4.42513	1.06531	0.57696	1	1	-1
32466.7	34585.4	4290.6	11.0818	199.329	1148.92	492	492	726.513	597.651	598.243	903.768	366.735	385.404	1290.6	15	110	117	14	108	112	115	119	11	17	214	3.27986	1.00895	0.546435	1	1	-1
32742.4	38618.1	3511.71	11.6548	200.004	1217.04	491.255	491.255	564.208	600.404	599.065	895.535	642.432	518.052	511.707	17	110	130	14	108	112	128	132	11	17	215	4.06834	1.02495	0.555101	1	1	-1
33156.5	5168.25	4277.35	14.6347	200.37	1278.75	414.15	414.15	487.419	601.818	600.741	900.429	756.538	668.252	977.351	10	111	18	15	109	113	16	20	12	18	217	4.91998	1.22846	0.665319	1	1	-1
33211.9	17553.8	7503.57	12.1154	199.107	1044.34	475.639	475.639	786.552	598.989	598.483	903.261	511.924	453.805	1203.57	13	112	60	25	110	114	58	62	22	28	213	4.58735	1.20792	0.654195	1	1	-1
33259.5	53827.5	4923.22	12.1007	198.609	1291.54	492	492	790.112	599.486	601.729	898.035	559.514	727.457	723.216	16	112	180	18	110	114	178	182	15	21	214	3.35891	1.13803	0.616341	1	1	-1
33396.8	59395.3	3880.48	10.6166	199.918	1075.91	446.305	446.305	788.658	600.961	600.227	897.793	696.764	595.301	580.476	12	112	199	15	110	114	197	201	12	18	213	3.37349	1.04154	0.564085	1	1	-1
33820.9	26193.9	4427.09	11.5138	200.37	1374.86	429.959	429.959	596.565	599.613	601.667	899.621	520.944	693.893	827.089	15	114	88	16	112	116	86	90	13	19	214	4.30089	1.17539	0.636577	1	1	-1
33955.4	70486.3	1516.06	25.0709	199.932	763.251	224.387	224.387	37.9239	600.188	600.111	900.3	655.384	586.288	616.06	36	114	236	7	112	116	234	238	4	10	206	2.00281	0.542642	0.293888	1	1	-1
34200	22968.1	3773.15	13.5024	199.666	1424.39	476.303	476.303	593.187	599.848	598.417	894.494	599.982	468.128	473.146	13	115	78	15	113	117	76	80	12	18	219	4.42454	1.15094	0.623335	1	1	-1
34037	43254.8	1967.71	12.2298	200.137	1247.08	452.211	452.211	565.516	598.66	597.084	898.576	436.982	354.785	767.707	12	115	146	8	113	117	144	148	5	11	217	3.80721	1.0794	0.584587	1	1	-1
34318.3	67973.3	4906.29	14.3573	200.999	1252.81	376.754	376.754	496.259	600.934	601.96	900.959	718.295	773.337	1006.29	9	115	227	17	113	117	225	229	14	20	220	4.39364	1.28288	0.694789	1	1	-1
34386.7	27428.1	4679.59	12.6725	199.962	1356.45	462.394	462.394	618.074	598.427	597.973	902.153	486.722	428.052	1079.59	12	116	93	16	114	118	91	95	13	19	216	3.7529	1.05103	0.569222	1	1	-1
34877.9	18476.9	2376.36	13.448	199.769	1037.81	445.407	445.407	541.117	600.733	602.107	899.646	677.934	776.866	876.362	11	117	62	9	115	119	60	64	6	12	214	4.25084	1.16714	0.632108	1	1	-1
35262.1	5660.6	4922.44	17.2392	201.333	983.973	341.285	341.285	398.06	601.75	600.252	901.388	762.101	560.604	1022.44	9	118	20	17	116	120	18	22	14	20	220	5.51936	1.30145	0.704848	1	1	-1
35516.7	43512	6737.99	12.6905	200.517	1157.67	420.65	420.65	538.43	601.01	599.975	902.003	716.75	612.032	1037.99	10	119	146	23	117	121	144	148	20	26	216	4.23415	1.11349	0.603053	1	1	-1
35647.4	58376.1	6888.55	12.9798	201.229	1223.03	362.327	362.327	520.373	599.975	598.208	899.832	547.408	476.085	888.546	12	120	196	24	118	122	194	198	21	27	215	4.5699	1.09744	0.59436	1	1	-1
35716.4	71808.1	5282.73	13.4227	201.188	1057.25	387.107	387.107	428.465	599.865	598.333	899.259	616.42	408.145	782.73	11	120	241	19	118	122	239	243	16	22	219	4.28482	1.10417	0.598002	1	1	-1
35835.2	24075.5	3214.73	9.70839	200.261	1213.71	492	492	648.612	598.641	602.626	897.146	435.217	975.457	514.735	17	121	80	13	119	123	78	82	10	16	215	3.54714	0.983327	0.532556	1	1	-1
36357.3	38793.4	6635.93	12.6266	201.097	1117.65	381.645	381.645	464.366	600.522	601.28	901.01	657.256	693.432	935.931	14	122	130	23	120	124	128	132	20	26	217	4.76496	1.10818	0.600174	1	1	-1
36161.6	50301.4	2117.44	44.257	199.546	624.183	66.0102	66.0102	379.69	600.077	599.88	899.777	461.596	501.36	917.438	18	122	169	8	120	124	167	171	5	11	207	2.50953	0.598161	0.323956	1	1	-1
36616.1	46482.2	2121.61	14.9724	198.468	1309.66	492	492	632.88	600.589	599.975	900.488	616.101	582.153	921.613	11	123	156	8	121	125	154	158	5	11	216	4.15376	1.32233	0.716153	1	1	-1
36677.9	12470.4	4907.85	11.368	199.681	1058.1	491.998	491.998	726.198	597.943	598.887	895.557	377.931	470.354	407.849	18	124	43	19	122	126	41	45	16	22	214	4.10231	1.09382	0.592399	1	1	-1
36867.5	36705.9	5389.73	12.62	199.34	1342.69	491.999	491.999	599.115	599.343	601.188	903.885	567.511	705.909	1189.73	13	124	123	18	122	126	121	125	15	21	215	3.74473	1.10144	0.596527	1	1	-1
36700.6	59872.4	5027.89	12.3106	199.852	1304.69	418.284	418.284	661.178	597.444	601.856	899.629	400.583	772.398	827.891	9	124	200	18	122	126	198	202	15	21	215	3.93647	1.26985	0.687733	1	1	-1
37133.1	11517.2	2765.45	12.157	200.194	1029.4	456.52	456.52	554.424	598.965	598.325	900.505	533.141	417.17	965.45	12	125	40	10	123	127	38	42	7	13	215	4.00276	1.04512	0.566024	1	1	-1
37234.1	75613.7	1666.27	32.3939	199.862	631.164	185.568	185.568	54.0424	600.283	599.589	899.829	634.111	613.66	1066.27	18	125	253	6	123	127	251	255	3	9	208	2.03463	0.544232	0.294749	1	1	-1
37421.1	6958.21	7021.9	10.3895	199.83	1039	449.558	449.558	691.317	599.206	600.38	903.404	521.142	658.209	1321.9	13	126	24	23	124	128	22	26	20	26	213	3.41978	1.03063	0.558177	1	1	-1
37689.8	43614.6	5907.61	11.6147	200.575	1208.77	428.214	428.214	498.236	601.881	598.448	901.712	789.769	414.623	1107.61	13	126	147	20	124	128	145	149	17	23	215	3.54107	1.00502	0.544304	1	1	-1
37889.6	33711.2	2007.36	13.2384	199.274	1058.44	491.35	491.35	693.684	601.177	597.689	898.966	689.551	411.181	807.365	16	127	114	8	125	129	112	116	5	11	217	4.36988	1.1881	0.64346	1	1	-1
37692	71099.9	1931.64	15.435	200.848	1343.51	350.065	350.065	450.662	599.056	600.017	897.716	491.971	599.884	731.636	10	127	238	8	125	129	236	240	5	11	221	5.30716	1.22015	0.660816	1	1	-1
38158.2	5067.42	5122.69	12.3724	199.669	1434.04	464.515	464.515	554.375	600.666	599.738	904.244	658.151	567.417	1222.69	14	128	18	17	126	130	16	20	14	20	218	4.55011	1.16163	0.62912	1	1	-1
38195.8	10670.9	7029.52	13.0363	200.903	1431.2	328.365	328.365	573.15	601.248	598.785	901.873	695.831	470.903	1029.52	13	128	37	24	126	130	35	39	21	27	219	5.16695	1.23414	0.668392	1	1	-1
38022.7	31749	4686.36	13.0373	200.397	1440.09	403.583	403.583	572.183	599.158	599.141	902.163	522.66	548.956	1086.36	10	128	107	16	126	130	105	109	13	19	214	4.49775	1.25068	0.677349	1	1	-1
38439.6	28163.6	4679	13.636	200.124	1383.48	448.522	448.522	465.255	600.8	599.663	898.374	639.573	563.576	778.997	10	129	95	17	127	131	93	97	14	20	217	3.97513	1.08983	0.590236	1	1	-1
38472.3	71927.1	4593.03	12.2184	198.939	1283.72	492	492	754.376	597.302	599.031	897.555	372.35	527.098	693.032	16	130	241	17	128	132	239	243	14	20	217	4.26243	1.16063	0.628579	1	1	-1
38963.1	46444.5	7191.03	13.7904	201.515	1271.65	354.555	354.555	381.298	600.042	600.194	897.161	563.052	544.5	591.028	12	131	156	26	129	133	154	158	23	29	217	4.30498	1.12324	0.608332	1	1	-1
39204.9	16862.3	1939.29	12.4993	199.759	1147.04	452.922	452.922	616.385	598.813	600.564	898.265	504.908	662.297	739.288	11	132	57	8	130	134	55	59	5	11	218	4.22896	1.08783	0.589152	1	1	-1
39943.3	39954	3190.45	12.2127	200.681	1292.89	420.557	420.557	536.717	600.252	600.934	899.033	643.263	653.975	790.453	12	134	134	12	132	136	132	136	9	15	216	4.66806	1.10524	0.598582	1	1	-1
40004.4	49164.7	4968.53	10.4829	199.407	1208.86	492	492	764.687	601.292	599.578	904.111	704.362	564.721	1368.53	14	134	165	16	132	136	163	167	13	19	214	3.79916	0.99392	0.538293	1	1	-1
40265.9	27408.9	2707.32	12.6306	199.613	1163.03	492	492	563.919	600.749	597.659	900.143	665.865	408.922	907.322	13	135	93	10	133	137	91	95	7	13	216	3.58171	1.04834	0.567767	1	1	-1
40250.7	36600.1	5794.83	13.9178	200.298	1450.76	394.058	394.058	545.746	601.036	600.362	897.633	650.664	600.116	694.827	11	135	123	21	133	137	121	125	18	24	220	5.02381	1.32726	0.718828	1	1	-1
40195.4	49316.3	2220.13	12.22	199.777	959.746	452.274	452.274	628.496	599.545	597.886	901.398	595.407	416.267	1020.13	11	135	166	8	133	137	164	168	5	11	215	3.66119	1.07869	0.584205	1	1	-1
40455.9	18616.4	5356.98	11.8953	200.459	1217.17	438.354	438.354	573.325	599.748	600.362	902.718	555.866	616.429	1156.98	12	136	63	18	134	138	61	65	15	21	213	4.03949	1.1255	0.609553	1	1	-1
40491.7	59175.6	2225.3	12.2802	199.444	1179.76	439.492	439.492	823.837	600.11	600.826	895.819	591.69	675.608	425.3	15	136	198	10	134	138	196	200	7	13	220	4.65724	1.28043	0.693462	1	1	-1
41012.4	66663.9	3187.04	10.4329	199.828	1112.94	491.999	491.999	575.658	602.144	600.523	899.038	812.398	663.877	787.037	14	137	223	12	135	139	221	225	9	15	217	3.52658	0.905816	0.490578	1	1	-1
41127.1	38931.3	4886.98	13.7799	199.951	1149.79	434.33	434.33	570.074	600.446	599.537	896.912	627.086	531.263	686.984	12	138	131	18	136	140	129	133	15	21	215	4.65778	1.24623	0.674943	1	1	-1
41352.5	30417.4	3216.44	11.592	199.978	993.647	492	492	541.682	599.478	598.289	902.595	552.49	417.397	1116.44	15	139	103	11	137	141	101	105	8	14	217	3.44006	0.980706	0.531137	1	1	-1
41761.2	15598.2	7452.27	14.2909	200.637	1332.12	410.907	410.907	486.932	600.731	599.765	899.294	661.198	598.189	852.267	10	140	53	26	138	142	51	55	23	29	219	4.90501	1.18561	0.642112	1	1	-1
41634	18552.4	2737.18	12.6297	200.19	1441.01	429.318	429.318	545.937	599.393	599.604	903.852	534.03	552.439	1237.18	12	140	63	9	138	142	61	65	6	12	218	4.57822	1.21493	0.65799	1	1	-1
42980.4	10835.8	6983.69	12.9897	199.723	1331.87	459.51	459.51	623.638	600.547	597.196	901.549	680.434	335.815	983.691	12	144	38	24	142	146	36	40	21	27	215	4.10578	1.21365	0.657298	1	1	-1
42793.3	34552.5	7331.75	13.3287	200.129	1325.08	404.021	404.021	571.6	598.5	600.329	901.213	493.301	652.492	1031.75	11	144	116	25	142	146	114	118	22	28	214	4.442	1.23833	0.670665	1	1	-1
43394.1	21901.1	2260.28	14.4806	200.364	1343.06	374.845	374.845	517.54	602.083	600.236	898.659	794.091	601.147	760.277	11	145	74	9	143	147	72	76	6	12	219	5.32604	1.3178	0.713704	1	1	-1
43096.9	27081.9	5856.81	13.4885	200.207	1160.41	398.353	398.353	572.495	598.543	600.868	898.138	496.932	681.868	756.806	11	145	91	21	143	147	89	93	18	24	216	4.95662	1.21632	0.658742	1	1	-1
43362.4	42652.9	1879.25	13.269	198.866	1225.04	492	492	614.202	602.092	600.911	896.6	762.392	652.916	679.251	12	145	143	8	143	147	141	145	5	11	215	3.97447	1.1488	0.622172	1	1	-1
43191.2	57726.5	2518.82	14.6082	200.228	1078.01	407.789	407.789	496.826	600.505	597.936	897.489	591.238	426.525	718.821	12	145	194	10	143	147	192	196	7	13	215	4.61166	1.21374	0.657343	1	1	-1
43636.2	39210.8	3758.13	13.1183	198.913	1389.55	491.999	491.999	736.868	597.993	598.651	904.999	436.191	510.829	1358.13	15	147	132	12	145	149	130	134	9	15	218	4.92731	1.35689	0.734875	1	1	-1
44282.1	58627.6	5009.5	14.0855	200.011	1243.34	429.467	429.467	531.255	598.628	601.566	898.367	482.071	727.576	809.504	10	149	196	18	147	151	194	198	15	21	217	4.74706	1.24391	0.673685	1	1	-1
44674.5	41633.9	6065.95	11.6854	200.637	1444.6	382.707	382.707	636.638	599.554	599.082	901.036	574.491	533.909	965.95	10	150	140	21	148	152	138	142	18	24	216	5.01982	1.16379	0.630291	1	1	-1
44580.7	66973.2	3933.7	11.5932	199.551	1216.83	492	492	629.972	598.516	597.648	900.472	480.749	373.168	933.704	13	150	225	14	148	152	223	227	11	17	214	3.75501	1.1104	0.601376	1	1	-1
45081.2	55737.6	4348.33	11.5364	201.154	1435.8	399.475	399.475	547.442	598.166	599.579	903.112	381.175	537.56	1048.33	15	152	187	15	150	154	185	189	12	18	219	4.18274	1.16213	0.629392	1	1	-1
45574.7	56585.4	5394.39	13.7875	201.539	1346.17	364.463	364.463	508.881	599.622	598.464	898.791	574.723	485.372	894.385	13	153	190	19	151	155	188	192	16	22	219	5.31344	1.26106	0.682972	1	1	-1
45858.2	1766.46	4290.23	13.9748	199.144	1375.05	492	492	644.499	599.328	599.362	901.495	558.19	566.458	990.228	13	154	7	15	152	156	5	9	12	18	214	4.22449	1.22512	0.663506	1	1	-1
45823.2	36760.7	2741.39	13.2071	200.643	1198.58	384.805	384.805	509.164	599.36	598.483	900.152	523.209	460.706	941.391	10	154	124	10	152	156	122	126	7	13	218	4.23639	1.22272	0.66221	1	1	-1
46460.9	5853.63	6502.49	11.1854	199.611	1187.14	491.996	491.996	640.582	602.547	601.67	898.794	860.929	753.633	802.494	14	155	20	23	153	157	18	22	20	26	213	3.3072	1.017	0.550795	1	1	-1
46528.7	20293.9	2611.39	13.4372	199.343	1182.56	459.217	459.217	614.585	600.084	598.686	898.669	628.714	493.924	811.389	9	156	69	10	154	158	67	71	7	13	217	4.26358	1.17282	0.635185	1	1	-1
46594.4	22640.9	1645.49	13.8143	199.865	1407.47	432.819	432.819	556.723	601.491	601.583	901.617	694.414	740.891	1045.49	10	156	76	6	154	158	74	78	3	9	215	4.33734	1.21705	0.659138	1	1	-1
46845.3	34386.6	2226.38	10.5093	200.295	1138.88	428.198	428.198	596.625	600.768	601.865	900.996	645.298	786.609	1026.38	11	157	115	8	155	159	113	117	5	11	215	3.71981	1.03595	0.561056	1	1	-1
46850.2	44840.3	4762.83	12.4621	199.361	1210.53	492	492	645.268	600.623	601.584	895.627	650.164	740.32	562.832	13	157	150	18	155	159	148	152	15	21	216	3.54271	1.05499	0.571371	1	1	-1
46804.4	50393.2	3899.12	12.7575	199.374	1399.25	492	492	631.302	600.034	600.017	900.345	604.394	593.25	899.123	12	157	169	14	155	159	167	171	11	17	217	4.21432	1.13035	0.612181	1	1	-1
47087.6	22797.1	4821.1	13.3293	201.853	1317.37	330.718	330.718	479.523	599.807	600.193	900.454	587.611	597.148	921.104	10	158	77	17	156	160	75	79	14	20	215	4.9074	1.17221	0.634854	1	1	-1
47232.4	35526.5	3709.46	10.3526	199.678	1656.98	492	492	711.895	601.39	600.893	900.851	732.393	726.496	1009.46	12	158	119	13	156	160	117	121	10	16	213	2.9464	1.13071	0.61238	1	1	-1
47248.8	58602.6	3012.47	15.6004	200.949	980.575	381.326	381.326	385.279	601.331	598.146	900.952	748.837	402.596	912.475	11	158	197	11	156	160	195	199	8	14	217	4.31133	1.15753	0.626902	1	1	-1
47443	41907.8	2381.57	12.7182	199.295	1443.3	492	492	632.243	600.581	602.627	899.773	642.95	807.819	881.575	12	159	140	9	157	161	138	142	6	12	218	3.73741	1.16797	0.632558	1	1	-1
47936.2	55176.5	5517.14	12.0812	200.216	1396.55	413.614	413.614	563.038	602.362	599.814	901.409	836.236	576.517	1017.14	10	160	185	19	158	162	183	187	16	22	215	3.94806	1.15275	0.624312	1	1	-1
47834.4	63108.7	6753.92	11.9726	199.929	1265.51	445.883	445.883	668.706	601.406	597.735	898.821	734.409	408.741	753.92	10	160	212	24	158	162	210	214	21	27	214	3.79543	1.10443	0.598143	1	1	-1
48257.7	7060.26	5787.48	13.3066	199.383	1408.17	461.034	461.034	622.203	599.267	598.063	901.061	557.703	460.259	987.48	12	162	25	20	160	164	23	27	17	23	215	4.87644	1.24933	0.67662	1	1	-1
48200.1	46500.1	4381.04	13.0581	200.309	1248.96	393.919	393.919	648.889	598.999	599.891	898.881	500.084	600.076	781.042	11	162	156	16	160	164	154	158	13	19	214	4.21949	1.24639	0.675029	1	1	-1
48634	6183.61	2074.06	12.5787	199.184	1315.38	473.424	473.424	642.653	600.346	598.76	903.349	634.043	483.61	1174.06	11	163	22	7	161	165	20	24	4	10	217	4.34205	1.18438	0.641446	1	1	-1
48613.2	29587.1	6702.48	11.8543	199.126	1595.2	492	492	858.391	600.303	598.402	897.83	613.166	487.084	702.482	14	163	100	24	161	165	98	102	21	27	216	3.7211	1.06943	0.579188	1	1	-1
48642.1	10148.6	4220.12	11.4896	200.057	1373.42	492	492	548.213	597.505	599.199	896.763	342.123	548.592	620.125	15	164	35	16	162	166	33	37	13	19	218	3.60286	1.05144	0.569446	1	1	-1
48899.7	20682.4	2170.06	8.72483	199.87	601.713	196.946	196.946	190.955	600.308	599.957	899.623	599.672	582.382	970.065	14	164	70	8	162	166	68	72	5	11	205	2.01522	0.532006	0.288127	1	1	-1
48877.1	60404.9	4496.58	13.835	200.543	1531.5	409.046	409.046	495.66	599.377	597.938	899.545	577.058	404.898	896.576	9	164	203	16	162	166	201	205	13	19	219	4.25783	1.16606	0.631524	1	1	-1
49766.5	51657.3	2142.45	8.8189	199.515	576.039	232.532	232.532	194.599	600.094	600.163	901.072	566.453	657.299	942.446	17	167	173	8	165	169	171	175	5	11	206	2.03533	0.531384	0.28779	1	1	-1
50083	8719.83	7291.18	13.3662	199.684	1187.07	467.126	467.126	701.213	599.765	596.606	901.672	583.035	319.828	991.183	10	168	31	25	166	170	29	33	22	28	216	4.0146	1.29053	0.698935	1	1	-1
50116	24522.3	6070.57	14.1884	201.912	1695.65	304.891	304.891	445.216	600.454	599.31	900.135	615.963	522.342	970.572	13	168	83	21	166	170	81	85	18	24	219	4.97131	1.22749	0.664794	1	1	-1
50136.3	39032	6562.26	11.9435	200.632	1197.26	396.453	396.453	644.216	600.067	600.076	897.104	636.346	632.038	562.264	11	168	131	24	166	170	129	133	21	27	214	4.73058	1.19637	0.647936	1	1	-1
50213.7	62668.8	2510.87	12.1862	199.166	1132.74	484.122	484.122	685.863	601.276	602.779	904.317	713.745	868.84	1310.87	14	168	209	8	166	170	207	211	5	11	213	3.79941	1.21752	0.659392	1	1	-1
50272.6	8003.02	5704.8	12.6115	198.797	1169.84	492	492	819.379	598.384	602.795	900.244	472.562	803.018	904.795	15	169	27	20	167	171	25	29	17	23	215	3.34279	1.17129	0.634355	1	1	-1
50404.9	16289	5478.62	11.7754	199.877	1128.86	457.625	457.625	676.738	600.244	601.018	900.681	604.931	689.049	978.621	12	169	55	19	167	171	53	57	16	22	215	4.42342	1.05073	0.569061	1	1	-1
50315.3	34095.3	3968.4	13.0722	198.947	1083.77	492	492	683.241	598.728	602.535	900.985	515.28	795.327	968.399	14	169	114	14	167	171	112	116	11	17	215	4.57771	1.23881	0.670922	1	1	-1
51347.1	39508.2	4043.16	14.3046	199.98	1207.52	421.827	421.827	560.187	600.791	599.007	902.238	647.097	508.208	1043.16	12	172	133	14	170	174	131	135	11	17	215	4.73751	1.21579	0.658453	1	1	-1
51408.5	46481.1	8007.34	4.64578	199.526	809.433	216.735	216.735	459.574	600.163	600.009	900.232	708.479	581.134	807.341	22	172	156	28	170	174	154	158	25	31	206	2.01487	0.669561	0.362625	1	1	-1
51902.8	73774.6	1507.06	13.0959	201.876	1310.1	334.067	334.067	415.311	600.74	599.916	900.236	602.788	574.621	907.064	9	174	247	6	172	176	245	249	3	9	215	4.73533	1.08296	0.586514	1	1	-1
52417.5	14153.8	2478.68	10.7309	199.915	1390.8	441.859	441.859	725.4	602.362	600.557	898.111	817.476	653.783	678.682	13	175	48	10	173	177	46	50	7	13	217	3.79699	1.03335	0.559647	1	1	-1
52244.4	17714.8	6399.76	9.58656	200.29	1155.7	492	492	672.054	600.329	597.65	900.505	644.376	314.763	999.758	13	175	61	22	173	177	59	63	19	25	212	3.11644	0.901897	0.488455	1	1	-1
52255.5	27206.5	3302.37	12.7179	200.695	1689.89	411.602	411.602	585.452	600.664	599.47	896.713	655.522	506.464	602.367	15	175	92	13	173	177	90	94	10	16	224	4.81823	1.24488	0.674207	1	1	-1
52379.6	58245.7	6749.23	12.8803	199.028	1201.45	492	492	728.773	599.079	603.817	895.65	479.62	945.695	449.23	14	176	194	25	174	178	192	196	22	28	213	3.78016	1.33708	0.724147	1	1	-1
52599.6	75021.2	2510.86	12.8488	201.156	1391.67	386.004	386.004	437.734	597.911	600.135	901.078	399.62	621.16	1010.86	12	177	251	9	175	179	249	253	6	12	217	4.20267	1.12617	0.609916	1	1	-1
53919.7	2060.76	1573.42	16.0258	200.84	1258.26	319.154	319.154	455.409	598.911	599.671	900.962	519.721	560.755	973.416	9	181	8	6	179	183	6	10	3	9	216	6.19797	1.30438	0.706433	1	1	-1
54584.2	67925.9	6826.47	12.5857	199.028	1497.92	492	492	684.179	600.152	597.776	898.77	584.182	425.881	826.468	14	183	228	24	181	185	226	230	21	27	216	3.7596	1.16426	0.630547	1	1	-1
55007	5163.11	5405.39	20.3194	199.4	1479.56	492	492	632.586	601.855	601.006	906.678	707.046	663.114	1205.39	14	184	18	18	182	186	16	20	15	21	224	6.47935	1.57384	0.852372	1	1	-1
54888.7	40870.3	7262.2	11.4929	199.965	1303.8	488.421	488.421	593.419	599.52	600.589	901.338	588.705	670.344	962.199	18	184	137	25	182	186	135	139	22	28	218	4.31875	1.03954	0.562999	1	1	-1
55797	10281.3	7274.62	12.6602	200.798	1271.25	406.629	406.629	575.906	599.958	600.647	897.285	597.021	681.325	674.617	10	187	35	26	185	189	33	37	23	29	216	4.39039	1.14033	0.617589	1	1	-1
55514.6	24369.7	7426.33	13.4886	199.794	1165.28	444.574	444.574	497.998	597.321	600.499	895.344	314.574	669.722	526.331	12	187	82	27	185	189	80	84	24	30	217	4.13434	1.24997	0.676964	1	1	-1
55704.4	46797.5	2043.6	11.3236	201.261	1076.45	437.316	437.316	435.555	599.041	600	903.121	504.409	597.538	1143.6	14	187	157	7	185	189	155	159	4	10	215	4.10402	0.897918	0.4863	1	1	-1
56227.1	557.965	7672.81	15.0004	199.809	684.036	117.681	117.681	268.155	600.171	600.017	899.871	727.115	557.965	772.808	14	188	3	27	186	190	1	5	24	30	206	2.12943	0.561956	0.304347	1	1	-1
56279.4	72995.8	6398.72	12.7104	199.288	1278.86	459.6	459.6	626.697	598.574	601.114	897.571	479.424	695.766	698.721	11	189	244	23	187	191	242	246	20	26	213	4.08172	1.22527	0.663592	1	1	-1
56661.5	37531.8	4482.6	14.6144	201.05	1234.04	352.321	352.321	488.99	599.487	600.631	898.78	561.484	631.768	882.596	14	190	126	16	188	192	124	128	13	19	217	5.40853	1.27505	0.69055	1	1	-1
56999.6	3745.51	6915.37	11.0671	199.709	1493.05	492	492	607.254	599.975	601.535	903.973	599.591	745.507	1215.37	15	191	13	23	189	193	11	15	20	26	217	4.23747	1.02063	0.552758	1	1	-1
56761.6	13909.7	6389.88	10.6236	199.998	1156.47	492	492	594.92	597.63	597.908	898.153	361.649	409.665	689.877	15	191	48	23	189	193	46	50	20	26	213	3.73324	1.07672	0.583136	1	1	-1
57191.2	31622.4	5429.61	11.5767	200.376	1224.44	407.29	407.29	513.143	598.675	601.3	900.118	491.238	722.422	929.613	10	192	106	19	190	194	104	108	16	22	213	4.00469	1.0902	0.590439	1	1	-1
57263.9	33938	1737.07	5.43735	199.626	752.48	223.824	223.824	299.646	600.223	599.949	899.726	563.851	638.009	837.068	15	192	114	7	190	194	112	116	4	10	205	2.04167	0.595958	0.322763	1	1	-1
57173.5	70428.3	5578.92	12.2654	200.715	1221.49	369.793	369.793	442.474	598.867	602.147	901.538	473.513	828.275	1078.92	14	192	235	19	190	194	233	237	16	22	218	4.15855	1.10618	0.599092	1	1	-1
57496.5	55504.8	1776.66	11.9259	199.826	1441.86	491.621	491.621	589.214	598.545	600.034	899.588	496.496	604.815	876.664	15	193	186	7	191	195	184	188	4	10	216	3.87046	1.0527	0.57013	1	1	-1
57614.7	60759.9	5133.21	10.2152	200.346	1381.18	492	492	616.177	600.135	601.75	900.294	614.684	759.858	933.208	13	193	203	18	191	195	201	205	15	21	215	3.94907	0.961132	0.520536	1	1	-1
57616.8	65057.5	5593.88	15.6623	199.934	1359.15	492	492	616.278	600.343	603.487	898.093	616.843	857.497	793.877	11	193	217	20	191	195	215	219	17	23	221	4.88575	1.24402	0.673744	1	1	-1
57826.8	29098.7	3581.95	10.6906	198.735	1194.96	491.999	491.999	852.449	598.943	603.23	899.983	526.755	898.66	881.953	15	194	97	13	192	196	95	99	10	16	215	3.66283	1.0899	0.590277	1	1	-1
58074.2	39485	7379.27	14.9315	200.539	1233.7	367.175	367.175	550.04	602.231	598.527	898.821	774.248	485.027	779.271	12	194	133	26	192	196	131	135	23	29	221	5.19201	1.30493	0.706733	1	1	-1
58369	25177.9	3119.79	12.561	199.491	1101.07	444.108	444.108	687.401	602.174	599.68	901.5	769.004	577.941	1019.79	11	195	85	11	193	197	83	87	8	14	214	4.08012	1.23222	0.667355	1	1	-1
58711.4	15203.7	1552.05	13.4066	199.46	1507.5	492	492	586.002	602.323	598.62	901.035	811.383	503.673	952.046	14	196	52	6	194	198	50	54	3	9	219	4.48533	1.17247	0.634992	1	1	-1
58409.5	40615.3	5297.05	14.462	200.865	1252.38	361.111	361.111	471.806	598.728	600.371	898.618	509.459	715.322	797.048	11	196	136	19	194	198	134	138	16	22	216	4.9353	1.28166	0.694132	1	1	-1
58500	49003.2	3037.69	13.68	201.646	1188.91	297.061	297.061	506.152	600.371	601.078	901.027	600.027	703.235	937.69	13	196	164	11	194	198	162	166	8	14	218	5.02164	1.16826	0.632715	1	1	-1
58744.3	3477.37	4408.6	10.5557	202.629	2044.61	491.999	491.999	721.88	599.393	598.303	904.716	544.298	477.374	1408.6	20	197	13	14	195	199	11	15	11	17	220	4.65194	1.32146	0.715683	1	1	-1
58848.4	38708.5	4204.29	12.9942	201.134	899.935	385.179	385.179	425.358	600.286	599.899	899.933	648.419	608.453	904.291	12	197	130	15	195	199	128	132	12	18	216	4.39666	1.0271	0.556266	1	1	-1
59212.1	62796.1	5460.55	13.3292	200.087	1270.67	419.981	419.981	523.583	601.492	601.011	900.978	712.095	696.088	960.548	11	198	210	19	196	200	208	212	16	22	213	4.4062	1.21021	0.655435	1	1	-1
59942.7	3666.12	4683.53	11.9675	201.287	1712.56	434.3	434.3	436.895	599.168	600.361	902.908	542.709	666.119	1083.53	14	201	13	16	199	203	11	15	13	19	218	3.87242	1.06289	0.575648	1	1	-1
60304.6	18434.1	2276.2	11.2917	199.888	1328.96	492	492	590.478	602.884	598.338	898.558	904.601	434.135	776.199	14	201	63	9	199	203	61	65	6	12	214	4.10578	1.15263	0.624248	1	1	-1
59950.4	25807.8	1481.2	11.2143	199.873	987.588	478.252	478.252	628.24	599.613	600.025	900.101	550.44	607.78	881.198	10	201	87	6	199	203	85	89	3	9	216	3.84583	0.975722	0.528437	1	1	-1
60599.1	52586.2	4791.46	14.3128	199.703	519.433	110.775	110.775	282.864	599.846	600.094	899.734	599.118	686.197	891.463	16	203	176	17	201	205	174	178	14	20	207	2.23766	0.529919	0.286997	1	1	-1
60976.2	8478.14	5923.08	11.6517	199.708	1314.26	456.902	456.902	669.057	600.996	597.73	896.304	676.203	378.141	523.083	13	204	30	22	202	206	28	32	19	25	215	3.7877	1.09622	0.593695	1	1	-1
61839.6	19088.7	4679.8	13.3913	200.15	1429.47	444.538	444.538	526.322	600.698	598.906	897.93	639.576	488.689	779.8	11	207	65	17	205	209	63	67	14	20	217	4.22586	1.23065	0.666504	1	1	-1
62162.3	6728.76	6610.63	11.6585	200.736	1139.57	385.647	385.647	553.505	600.413	600.91	899.654	662.253	728.756	910.63	12	208	23	23	206	210	21	25	20	26	213	3.74886	1.08667	0.588528	1	1	-1
62604.7	2653.76	5351.71	12.4077	199.417	1316.18	492	492	595.079	598.728	599.419	898.964	504.693	553.762	851.705	13	210	10	19	208	212	8	12	16	22	217	4.3204	1.04757	0.56735	1	1	-1
62889.5	50557.1	5340.43	13.7753	199.338	1315.35	488.903	488.903	586.203	602.306	597.929	898.737	789.459	457.095	840.434	14	210	170	19	208	212	168	172	16	22	217	4.26376	1.19461	0.646984	1	1	-1
62707.2	70341.9	4941.88	11.6663	200.046	1056.81	445.059	445.059	622.488	600	601.861	898.198	607.226	741.899	741.882	13	210	235	18	208	212	233	237	15	21	215	4.4183	1.0935	0.592223	1	1	-1
62901.3	39836.2	4144.15	14.2606	199.894	1194.66	413.194	413.194	562.297	599.292	602.798	899.3	501.311	836.208	844.151	10	211	133	15	209	213	131	135	12	18	215	4.4513	1.31791	0.713764	1	1	-1
63326.1	72062.1	6172.36	11.3079	199.574	1283.09	492	492	675.952	600.295	600.733	895.431	626.108	662.058	472.362	13	212	241	23	210	214	239	243	20	26	213	3.36447	1.03347	0.559712	1	1	-1
63400.9	10685.9	4343.64	12.0043	200.679	1543.92	408.486	408.486	534.313	597.792	601.669	898.02	400.899	785.915	743.644	12	213	36	16	211	215	34	38	13	19	215	4.26304	1.18771	0.643245	1	1	-1
63767.8	37858.4	5665.39	10.9233	199.902	1082.54	470.381	470.381	608.721	598.281	600.059	899.343	467.814	658.377	865.388	15	214	127	20	212	216	125	129	17	23	216	3.71197	0.944195	0.511363	1	1	-1
64080.7	4494.03	7240.79	11.3028	199.867	1109.96	454.666	454.666	637.207	598.627	599.907	900.329	480.675	594.032	940.794	15	215	16	25	213	217	14	18	22	28	216	4.26212	1.05827	0.573145	1	1	-1
64970.8	28709.6	6996.99	13.8491	200.533	927.892	397.15	397.15	545.821	598.301	598.923	900.942	470.789	509.554	996.991	11	218	97	24	216	220	95	99	21	27	218	4.67873	1.14901	0.622287	1	1	-1
65259.9	51615.8	6556.65	15.7136	200.431	1172.31	391.966	391.966	480.274	602.121	600.135	899.024	759.863	615.785	856.65	9	218	173	23	216	220	171	175	20	26	216	4.84666	1.30412	0.706294	1	1	-1
65291.5	51921.6	2449.56	12.1328	201.335	1269.55	384.338	384.338	445.283	602.105	599.941	900.034	791.505	621.582	949.561	15	218	174	9	216	220	172	176	6	12	216	4.04409	1.06609	0.577379	1	1	-1
65231	55921.7	7075.34	10.5926	199.956	1180.93	492	492	649.151	601.339	601.212	898.905	731.03	721.714	775.341	12	218	187	25	216	220	185	189	22	28	215	3.29758	0.984392	0.533133	1	1	-1
65523.2	10322.1	1967.39	12.1904	200.233	1163.55	438.166	438.166	676.368	601.454	601.782	901.387	723.241	722.132	1067.39	12	219	35	7	217	221	33	37	4	10	216	3.81924	1.15147	0.62362	1	1	-1
65487.8	44337	1497.29	11.6346	199.221	1158.37	492	492	647.66	601.013	599.232	903.527	687.796	536.974	1197.29	11	219	149	5	217	221	147	151	2	8	213	3.34507	0.976861	0.529054	1	1	-1
65487.2	49998.2	5319.06	11.7589	200.893	1305.05	372.704	372.704	517.07	600.59	599.469	899.435	687.208	498.182	819.063	11	219	168	19	217	221	166	170	16	22	216	3.68488	1.13983	0.617318	1	1	-1
66213.4	41907.2	6167.32	14.1715	198.608	1211.55	492	492	684.209	598.729	598.485	902.609	513.388	507.218	1067.32	11	222	141	21	220	224	139	143	18	24	215	4.50001	1.2223	0.661978	1	1	-1
66216.3	65262.6	3814.62	13.2601	200.292	1145.51	417.554	417.554	527.452	598.71	598.263	896.012	516.345	462.61	514.62	11	222	219	15	220	224	217	221	12	18	216	4.04551	1.17542	0.63659	1	1	-1
66472.7	42043.7	2236.04	11.9709	199.2	943.377	457.185	457.185	721.903	598.634	600.405	898.271	472.724	643.674	736.04	11	223	141	9	221	225	139	143	6	12	215	4.25538	1.17585	0.636825	1	1	-1
67156.3	68675.1	3204.14	11.5028	199.552	1195.74	492	492	672.394	599.343	599.789	895.281	556.336	575.1	504.141	15	225	230	13	223	227	228	232	10	16	217	3.89523	1.06562	0.577126	1	1	-1
67939.8	26195.5	3192.11	15.67	200.749	1444.26	361.273	361.273	512.996	601.422	601.758	898.427	739.757	695.507	792.108	10	227	88	12	225	229	86	90	9	15	219	5.26051	1.37465	0.744491	1	1	-1
68053.9	35700	4068.66	10.6575	199.943	1486.53	485.386	485.386	579.438	601.698	599.983	895.557	853.941	600.024	468.664	16	227	120	16	225	229	118	122	13	19	215	3.86338	1.03833	0.562346	1	1	-1
67763.9	53313.6	2066.99	13.2802	201.588	1152.83	315.789	315.789	431.308	599.781	598.921	899.385	563.885	513.552	866.99	13	227	179	8	225	229	177	181	5	11	218	4.35922	1.00494	0.544262	1	1	-1
68086.4	67101.7	6490.25	18.0111	202.228	2709.38	337.454	337.454	600.901	599.525	598.275	898.7	586.353	501.723	790.245	13	228	225	23	226	230	223	227	20	26	229	7.15357	1.84643	1	1	1	-1
68927.7	8188	6045.58	9.8545	200.681	1308.11	482.712	482.712	572.194	601.667	600.976	900.269	827.722	687.999	945.575	15	230	28	21	228	232	26	30	18	24	217	3.27111	0.94002	0.509102	1	1	-1
68567.9	21431	7271.8	12.0398	200.396	1342.34	424.928	424.928	579.671	598.518	598.206	900.724	467.885	430.955	971.798	11	230	73	25	228	232	71	75	22	28	218	3.91103	1.11572	0.604257	1	1	-1
68979.1	5460.71	3610.55	12.9216	200.456	1171.42	411.595	411.595	503.415	599.68	600.952	900.067	579.139	660.713	910.551	9	231	19	13	229	233	17	21	10	16	217	4.35491	1.14923	0.622407	1	1	-1
69001.8	28890.1	7369.86	11.3458	200.04	1099.54	460.218	460.218	597.055	599.604	597.767	898.668	601.833	390.069	769.859	13	231	98	26	229	233	96	100	23	29	215	4.01406	1.04852	0.567864	1	1	-1
69472.2	59109.3	4226.36	13.924	199.197	1269.39	453.474	453.474	634.248	602.293	600.236	903.912	772.228	609.283	1226.36	12	232	198	14	230	234	196	200	11	17	215	4.08807	1.25765	0.681126	1	1	-1
69693.5	22747.1	2272.18	11.8156	199.267	1190.15	492	492	667.28	601.18	599.806	898.938	693.523	547.062	772.179	12	233	77	9	231	235	75	79	6	12	214	3.46934	1.01547	0.549963	1	1	-1
70685.2	51965.6	2110.06	12.9868	201.403	1364.84	352.809	352.809	551.13	602.118	600.757	900.521	785.181	665.6	910.055	12	236	174	8	234	238	172	176	5	11	217	4.65343	1.31472	0.712035	1	1	-1
70958	46879.7	4567.91	13.5735	199.959	1376.66	424.239	424.239	608.779	601.906	600.489	894.872	757.963	679.735	367.91	12	237	157	18	235	239	155	159	15	21	217	4.59568	1.25615	0.680314	1	1	-1
70763.7	51977	4658.83	15.343	200.471	2380.67	463.182	463.182	823.629	599.376	601.206	898.129	563.732	677.003	758.833	11	237	174	17	235	239	172	176	14	20	222	5.56417	1.63596	0.886014	1	1	-1
70886	62049.2	6358.4	15.5039	200.661	1720.73	373.95	373.95	499.06	601.161	599.764	896.735	685.952	549.164	658.398	14	237	208	23	235	239	206	210	20	26	222	5.30325	1.317	0.713268	1	1	-1
70846.9	63923.8	4073.77	11.0895	199.573	1264.7	492	492	714.444	600.658	597.3	896.304	646.914	323.792	473.767	15	237	215	16	235	239	213	217	13	19	215	3.18105	1.07905	0.584397	1	1	-1
71058.3	73023	3242.83	13.3848	201.093	1093.53	378.755	378.755	492.895	600.034	601.371	898.831	558.339	722.957	842.829	9	238	244	12	236	240	242	246	9	15	215	4.75787	1.15389	0.624929	1	1	-1
71518.2	22374.5	3380.9	14.7638	198.989	1485.91	476.8	476.8	591.369	601.818	598.367	900.968	718.219	474.459	980.899	15	239	76	12	237	241	74	78	9	15	218	5.39654	1.40743	0.762244	1	1	-1
71373.1	67129.3	3215.13	11.524	199.343	938.056	492	492	693.977	599.402	602.697	898.921	573.075	829.252	815.129	14	239	224	12	237	241	222	226	9	15	212	3.22852	1.01648	0.550511	1	1	-1
72791.4	66587.4	7203.02	12.2129	199.915	1485.88	450.768	450.768	597.558	599.031	599.688	903.859	491.356	587.45	1203.02	12	244	223	24	242	246	221	225	21	27	216	4.04321	1.13367	0.613978	1	1	-1
73318.8	3764.27	5054.51	14.4488	199.878	1339.12	435.836	435.836	537.866	601.742	598.232	899.251	718.821	464.271	854.511	14	245	14	18	243	247	12	16	15	21	217	5.37001	1.33425	0.722609	1	1	-1
73235.1	20646.7	6415.81	15.0585	199.815	1325.92	397.936	397.936	597.371	600.581	599.512	897.525	635.105	546.714	715.813	11	245	70	23	243	247	68	72	20	26	216	4.95637	1.42933	0.774105	1	1	-1
73788.2	2058.46	3150.88	12.275	199.987	1092.53	453.632	453.632	506.674	599.873	599.696	905.032	588.184	558.464	1350.88	12	247	8	10	245	249	6	10	7	13	213	3.83469	1.01804	0.551355	1	1	-1
74235.1	22643	2335.65	13.2894	199.383	1238.92	472.898	472.898	597.712	601.819	602.097	899.107	735.08	742.969	835.648	13	248	76	9	246	250	74	78	6	12	218	4.39023	1.19739	0.648488	1	1	-1
74012.2	40205.6	4923.4	12.4267	200.837	1156.43	392.967	392.967	474.916	599.233	599.663	897.944	512.188	605.553	723.401	10	248	135	18	246	250	133	137	15	21	215	4.36485	1.08889	0.589726	1	1	-1
74359.3	16603.1	2324.79	13.5226	199.94	1505.75	435.746	435.746	565.94	599.613	597.541	898.745	559.32	403.062	824.787	12	249	57	9	247	251	55	59	6	12	219	5.27148	1.226	0.663987	1	1	-1
74418.8	56689.1	3965.32	12.7102	200.252	1374.82	419.603	419.603	565.679	600.051	602.908	900.801	618.762	889.106	965.32	10	249	189	14	247	251	187	191	11	17	217	4.10807	1.21052	0.655599	1	1	-1
74447.1	13650.8	4734.31	11.2063	200.605	1174.16	434.145	434.145	556.631	597.969	598.357	899.149	347.126	450.792	834.312	11	250	47	17	248	252	45	49	14	20	216	4.07467	1.09043	0.59056	1	1	-1
SPOTS_END
